-----------------------------------------------------------------
ep1	ep2	d1	d2	theta		ep_eff	ep_eff2
-----------------------------------------------------------------
1	1	0	1	0.00 pi		1.0000	1.0000
1	1	0	1	0.17 pi		1.0000	1.0000
1	1	0	1	0.25 pi		1.0000	1.0000
1	1	0	1	0.33 pi		1.0000	1.0000
1	1	0	1	0.50 pi		1.0000	1.0000
1	1	0	1	0.67 pi		1.0000	1.0000
1	1	0	1	0.75 pi		1.0000	1.0000
1	1	0	1	0.83 pi		1.0000	1.0000
1	1	0	1	1.00 pi		1.0000	1.0000
1	1	0.2	0.8	0.00 pi		1.0000	1.0000
1	1	0.2	0.8	0.17 pi		1.0000	1.0000
1	1	0.2	0.8	0.25 pi		1.0000	1.0000
1	1	0.2	0.8	0.33 pi		1.0000	1.0000
1	1	0.2	0.8	0.50 pi		1.0000	1.0000
1	1	0.2	0.8	0.67 pi		1.0000	1.0000
1	1	0.2	0.8	0.75 pi		1.0000	1.0000
1	1	0.2	0.8	0.83 pi		1.0000	1.0000
1	1	0.2	0.8	1.00 pi		1.0000	1.0000
1	1	0.5	0.5	0.00 pi		1.0000	1.0000
1	1	0.5	0.5	0.17 pi		1.0000	1.0000
1	1	0.5	0.5	0.25 pi		1.0000	1.0000
1	1	0.5	0.5	0.33 pi		1.0000	1.0000
1	1	0.5	0.5	0.50 pi		1.0000	1.0000
1	1	0.5	0.5	0.67 pi		1.0000	1.0000
1	1	0.5	0.5	0.75 pi		1.0000	1.0000
1	1	0.5	0.5	0.83 pi		1.0000	1.0000
1	1	0.5	0.5	1.00 pi		1.0000	1.0000
1	1	0.7	0.3	0.00 pi		1.0000	1.0000
1	1	0.7	0.3	0.17 pi		1.0000	1.0000
1	1	0.7	0.3	0.25 pi		1.0000	1.0000
1	1	0.7	0.3	0.33 pi		1.0000	1.0000
1	1	0.7	0.3	0.50 pi		1.0000	1.0000
1	1	0.7	0.3	0.67 pi		1.0000	1.0000
1	1	0.7	0.3	0.75 pi		1.0000	1.0000
1	1	0.7	0.3	0.83 pi		1.0000	1.0000
1	1	0.7	0.3	1.00 pi		1.0000	1.0000
1	1	1	0	0.00 pi		1.0000	1.0000
1	1	1	0	0.17 pi		1.0000	1.0000
1	1	1	0	0.25 pi		1.0000	1.0000
1	1	1	0	0.33 pi		1.0000	1.0000
1	1	1	0	0.50 pi		1.0000	1.0000
1	1	1	0	0.67 pi		1.0000	1.0000
1	1	1	0	0.75 pi		1.0000	1.0000
1	1	1	0	0.83 pi		1.0000	1.0000
1	1	1	0	1.00 pi		1.0000	1.0000
-----------------------------------------------------------------
4	4	0	1	0.00 pi		4.0000	4.0000
4	4	0	1	0.17 pi		4.0000	4.0000
4	4	0	1	0.25 pi		4.0000	4.0000
4	4	0	1	0.33 pi		4.0000	4.0000
4	4	0	1	0.50 pi		4.0000	4.0000
4	4	0	1	0.67 pi		4.0000	4.0000
4	4	0	1	0.75 pi		4.0000	4.0000
4	4	0	1	0.83 pi		4.0000	4.0000
4	4	0	1	1.00 pi		4.0000	4.0000
4	4	0.2	0.8	0.00 pi		4.0000	4.0000
4	4	0.2	0.8	0.17 pi		4.0000	4.0000
4	4	0.2	0.8	0.25 pi		4.0000	4.0000
4	4	0.2	0.8	0.33 pi		4.0000	4.0000
4	4	0.2	0.8	0.50 pi		4.0000	4.0000
4	4	0.2	0.8	0.67 pi		4.0000	4.0000
4	4	0.2	0.8	0.75 pi		4.0000	4.0000
4	4	0.2	0.8	0.83 pi		4.0000	4.0000
4	4	0.2	0.8	1.00 pi		4.0000	4.0000
4	4	0.5	0.5	0.00 pi		4.0000	4.0000
4	4	0.5	0.5	0.17 pi		4.0000	4.0000
4	4	0.5	0.5	0.25 pi		4.0000	4.0000
4	4	0.5	0.5	0.33 pi		4.0000	4.0000
4	4	0.5	0.5	0.50 pi		4.0000	4.0000
4	4	0.5	0.5	0.67 pi		4.0000	4.0000
4	4	0.5	0.5	0.75 pi		4.0000	4.0000
4	4	0.5	0.5	0.83 pi		4.0000	4.0000
4	4	0.5	0.5	1.00 pi		4.0000	4.0000
4	4	0.7	0.3	0.00 pi		4.0000	4.0000
4	4	0.7	0.3	0.17 pi		4.0000	4.0000
4	4	0.7	0.3	0.25 pi		4.0000	4.0000
4	4	0.7	0.3	0.33 pi		4.0000	4.0000
4	4	0.7	0.3	0.50 pi		4.0000	4.0000
4	4	0.7	0.3	0.67 pi		4.0000	4.0000
4	4	0.7	0.3	0.75 pi		4.0000	4.0000
4	4	0.7	0.3	0.83 pi		4.0000	4.0000
4	4	0.7	0.3	1.00 pi		4.0000	4.0000
4	4	1	0	0.00 pi		4.0000	4.0000
4	4	1	0	0.17 pi		4.0000	4.0000
4	4	1	0	0.25 pi		4.0000	4.0000
4	4	1	0	0.33 pi		4.0000	4.0000
4	4	1	0	0.50 pi		4.0000	4.0000
4	4	1	0	0.67 pi		4.0000	4.0000
4	4	1	0	0.75 pi		4.0000	4.0000
4	4	1	0	0.83 pi		4.0000	4.0000
4	4	1	0	1.00 pi		4.0000	4.0000
-----------------------------------------------------------------
1	4	0	1	0.00 pi		4.0000	4.0000
1	4	0	1	0.17 pi		4.0000	4.0000
1	4	0	1	0.25 pi		4.0000	4.0000
1	4	0	1	0.33 pi		4.0000	4.0000
1	4	0	1	0.50 pi		4.0000	4.0000
1	4	0	1	0.67 pi		4.0000	4.0000
1	4	0	1	0.75 pi		4.0000	4.0000
1	4	0	1	0.83 pi		4.0000	4.0000
1	4	0	1	1.00 pi		4.0000	4.0000
1	4	0.2	0.8	0.00 pi		3.1429	2.8462
1	4	0.2	0.8	0.17 pi		4.1579	3.6939
1	4	0.2	0.8	0.25 pi		5.0018	5.0001
1	4	0.2	0.8	0.33 pi		4.1579	3.6939
1	4	0.2	0.8	0.50 pi		3.1429	2.8462
1	4	0.2	0.8	0.67 pi		4.1579	3.6939
1	4	0.2	0.8	0.75 pi		4.9969	4.9962
1	4	0.2	0.8	0.83 pi		4.1579	3.6939
1	4	0.2	0.8	1.00 pi		3.1429	2.8462
1	4	0.5	0.5	0.00 pi		2.1538	1.8571
1	4	0.5	0.5	0.17 pi		3.5102	2.2632
1	4	0.5	0.5	0.25 pi		8.0252	2.0147
1	4	0.5	0.5	0.33 pi		3.5102	2.2632
1	4	0.5	0.5	0.50 pi		2.1538	1.8571
1	4	0.5	0.5	0.67 pi		3.5102	2.2632
1	4	0.5	0.5	0.75 pi		7.9895	1.9995
1	4	0.5	0.5	0.83 pi		3.5102	2.2632
1	4	0.5	0.5	1.00 pi		2.1538	1.8571
1	4	0.7	0.3	0.00 pi		1.6338	1.4390
1	4	0.7	0.3	0.17 pi		2.6011	1.6232
1	4	0.7	0.3	0.25 pi		13.4230	1.4337
1	4	0.7	0.3	0.33 pi		2.6011	1.6232
1	4	0.7	0.3	0.50 pi		1.6338	1.4390
1	4	0.7	0.3	0.67 pi		2.6011	1.6232
1	4	0.7	0.3	0.75 pi		13.3111	1.4284
1	4	0.7	0.3	0.83 pi		2.6011	1.6232
1	4	0.7	0.3	1.00 pi		1.6338	1.4390
1	4	1	0	0.00 pi		1.0000	1.0000
1	4	1	0	0.17 pi		1.0000	1.0000
1	4	1	0	0.25 pi		1.0000	1.0000
1	4	1	0	0.33 pi		1.0000	1.0000
1	4	1	0	0.50 pi		1.0000	1.0000
1	4	1	0	0.67 pi		1.0000	1.0000
1	4	1	0	0.75 pi		1.0000	1.0000
1	4	1	0	0.83 pi		1.0000	1.0000
1	4	1	0	1.00 pi		1.0000	1.0000
-----------------------------------------------------------------
