1.00000e+00	1.83486e+03	1.68350e+03	1.79533e+03	1.63934e+03	2.76243e+03	2.40385e+03
2.00000e+00	1.54202e+03	1.65426e+03	1.45773e+03	1.67084e+03	1.70068e+03	1.83486e+03
3.00000e+00	1.49477e+03	1.74723e+03	1.48957e+03	1.74825e+03	1.63043e+03	2.05058e+03
4.00000e+00	1.56863e+03	1.79292e+03	1.57667e+03	1.78651e+03	1.68848e+03	2.23964e+03
5.00000e+00	1.64528e+03	1.94856e+03	1.64799e+03	1.91718e+03	1.84230e+03	2.40269e+03
6.00000e+00	1.71527e+03	1.87149e+03	1.82260e+03	1.78625e+03	1.78625e+03	2.17944e+03
7.00000e+00	1.72075e+03	2.06186e+03	1.97461e+03	1.86368e+03	1.80785e+03	2.36967e+03
8.00000e+00	1.79775e+03	1.86698e+03	1.87793e+03	1.80832e+03	1.84162e+03	2.29555e+03
9.00000e+00	1.79462e+03	2.00893e+03	2.01613e+03	1.85223e+03	1.86258e+03	2.42522e+03
1.00000e+01	1.81192e+03	1.89681e+03	1.84162e+03	1.84162e+03	1.86359e+03	2.33863e+03
1.10000e+01	1.77965e+03	2.04233e+03	1.96113e+03	1.88582e+03	1.90972e+03	2.42398e+03
1.20000e+01	1.83683e+03	2.04708e+03	2.07684e+03	1.84445e+03	1.89783e+03	2.47525e+03
1.30000e+01	1.80205e+03	1.96404e+03	1.87617e+03	1.88488e+03	1.85714e+03	2.48471e+03
1.40000e+01	1.82529e+03	1.93933e+03	1.86592e+03	1.87266e+03	1.87517e+03	2.41005e+03
1.50000e+01	1.92086e+03	1.92728e+03	1.87149e+03	1.92283e+03	1.89394e+03	2.51172e+03
1.60000e+01	1.89014e+03	1.92331e+03	1.93353e+03	1.86502e+03	1.91456e+03	2.50666e+03
1.70000e+01	1.89078e+03	1.99017e+03	2.01064e+03	1.88345e+03	1.94175e+03	2.54987e+03
1.80000e+01	1.87052e+03	1.98303e+03	1.97585e+03	1.88048e+03	1.92369e+03	2.56264e+03
1.90000e+01	1.86989e+03	1.92347e+03	1.90993e+03	1.86879e+03	1.91397e+03	2.42967e+03
2.00000e+01	1.87899e+03	1.97726e+03	1.96541e+03	1.88094e+03	1.92901e+03	2.52908e+03
2.10000e+01	1.89172e+03	1.93924e+03	1.91781e+03	1.89138e+03	1.92396e+03	2.56661e+03
2.20000e+01	1.89835e+03	1.95921e+03	1.99800e+03	1.84548e+03	1.93237e+03	2.50313e+03
2.30000e+01	1.88927e+03	2.04955e+03	2.03919e+03	1.88185e+03	1.93212e+03	2.51641e+03
2.40000e+01	1.90446e+03	2.01292e+03	2.04325e+03	1.86625e+03	1.93268e+03	2.57594e+03
2.50000e+01	1.86860e+03	2.01353e+03	1.99076e+03	1.87098e+03	1.93349e+03	2.53473e+03
2.60000e+01	1.85330e+03	2.03874e+03	1.91345e+03	1.92993e+03	1.90546e+03	2.57171e+03
2.70000e+01	1.92967e+03	1.98880e+03	2.05542e+03	1.84451e+03	1.95059e+03	2.55392e+03
2.80000e+01	1.91309e+03	1.93464e+03	1.93370e+03	1.88451e+03	1.93370e+03	2.53945e+03
2.90000e+01	1.90815e+03	2.06523e+03	2.01837e+03	1.91066e+03	1.94906e+03	2.54766e+03
3.00000e+01	1.92567e+03	1.99947e+03	2.04988e+03	1.86324e+03	1.95300e+03	2.56191e+03
3.10000e+01	1.91240e+03	1.98197e+03	2.00504e+03	1.86680e+03	1.94443e+03	2.57903e+03
3.20000e+01	1.88891e+03	2.09877e+03	2.00677e+03	1.92470e+03	1.96427e+03	2.57359e+03
3.30000e+01	1.94392e+03	1.97949e+03	2.01897e+03	1.87596e+03	1.96288e+03	2.59088e+03
3.40000e+01	1.90466e+03	2.00460e+03	1.99040e+03	1.88920e+03	1.93127e+03	2.59939e+03
3.50000e+01	1.90756e+03	2.04858e+03	2.00769e+03	1.89825e+03	1.94078e+03	2.59509e+03
3.60000e+01	1.95302e+03	1.98107e+03	2.01478e+03	1.88285e+03	1.96528e+03	2.63312e+03
3.70000e+01	1.93505e+03	1.99730e+03	2.02042e+03	1.87256e+03	1.93575e+03	2.62728e+03
3.80000e+01	1.93473e+03	2.02106e+03	2.05461e+03	1.86806e+03	1.94185e+03	2.59173e+03
3.90000e+01	1.95254e+03	1.96970e+03	2.00535e+03	1.87518e+03	1.96157e+03	2.61780e+03
4.00000e+01	1.94723e+03	1.99452e+03	2.02102e+03	1.86672e+03	1.96117e+03	2.64166e+03
4.10000e+01	1.93973e+03	1.96435e+03	1.98894e+03	1.89272e+03	1.97077e+03	2.60020e+03
4.20000e+01	1.90071e+03	2.00267e+03	1.95622e+03	1.92070e+03	1.92590e+03	2.60675e+03
4.30000e+01	1.95927e+03	1.99102e+03	2.04938e+03	1.85882e+03	1.97483e+03	2.59489e+03
4.40000e+01	1.93636e+03	2.02915e+03	2.02438e+03	1.89020e+03	1.94733e+03	2.59863e+03
4.50000e+01	1.91449e+03	2.05498e+03	2.02220e+03	1.89418e+03	1.94822e+03	2.62682e+03
4.60000e+01	1.95570e+03	1.99497e+03	2.04781e+03	1.85934e+03	1.96087e+03	2.60461e+03
4.70000e+01	1.89280e+03	2.03975e+03	1.94569e+03	1.93918e+03	1.92253e+03	2.60200e+03
4.80000e+01	1.94663e+03	1.97231e+03	1.98044e+03	1.89401e+03	1.94932e+03	2.62539e+03
4.90000e+01	1.90862e+03	2.04730e+03	2.01306e+03	1.89233e+03	1.94854e+03	2.59451e+03
5.00000e+01	1.92671e+03	1.97660e+03	1.96094e+03	1.91432e+03	1.95925e+03	2.62771e+03
5.10000e+01	1.93065e+03	2.04261e+03	2.07655e+03	1.85475e+03	1.94813e+03	2.61901e+03
5.20000e+01	1.91691e+03	2.05039e+03	1.98277e+03	1.91762e+03	1.94269e+03	2.63278e+03
5.30000e+01	1.96602e+03	1.99061e+03	2.03065e+03	1.86791e+03	1.96013e+03	2.62780e+03
5.40000e+01	1.93016e+03	1.98020e+03	1.96086e+03	1.92452e+03	1.94588e+03	2.62850e+03
5.50000e+01	1.92314e+03	2.05216e+03	2.02563e+03	1.89459e+03	1.95333e+03	2.62869e+03
5.60000e+01	1.93658e+03	2.06148e+03	2.02027e+03	1.91630e+03	1.96871e+03	2.62393e+03
5.70000e+01	1.94739e+03	1.99804e+03	2.02436e+03	1.87371e+03	1.95695e+03	2.62395e+03
5.80000e+01	1.93346e+03	2.05019e+03	2.03981e+03	1.89326e+03	1.95860e+03	2.63134e+03
5.90000e+01	1.94476e+03	2.05661e+03	2.01723e+03	1.92007e+03	1.96549e+03	2.63758e+03
6.00000e+01	1.96264e+03	2.03652e+03	2.02532e+03	1.90150e+03	1.96444e+03	2.62927e+03
6.10000e+01	1.98187e+03	1.98232e+03	2.05332e+03	1.86716e+03	1.98194e+03	2.63419e+03
6.20000e+01	1.96140e+03	1.98629e+03	2.02224e+03	1.88055e+03	1.97755e+03	2.64426e+03
6.30000e+01	1.96458e+03	1.98032e+03	2.01374e+03	1.88352e+03	1.97616e+03	2.64428e+03
6.40000e+01	1.96760e+03	1.97726e+03	2.01353e+03	1.88435e+03	1.97494e+03	2.64354e+03
6.50000e+01	1.95854e+03	2.05957e+03	2.14083e+03	1.84167e+03	1.97287e+03	2.63030e+03
6.60000e+01	1.93084e+03	2.02834e+03	2.04893e+03	1.86472e+03	1.94295e+03	2.61459e+03
6.70000e+01	1.94536e+03	2.04555e+03	2.10944e+03	1.84777e+03	1.95826e+03	2.62477e+03
6.80000e+01	1.94709e+03	1.98054e+03	1.99882e+03	1.88131e+03	1.96890e+03	2.61891e+03
6.90000e+01	1.90576e+03	2.04227e+03	1.95196e+03	1.93804e+03	1.93755e+03	2.61255e+03
7.00000e+01	1.95372e+03	2.02916e+03	2.09889e+03	1.83848e+03	1.96045e+03	2.64041e+03
7.10000e+01	1.95749e+03	2.03287e+03	2.09273e+03	1.86122e+03	1.96208e+03	2.64590e+03
7.20000e+01	1.94222e+03	2.03960e+03	2.09065e+03	1.84667e+03	1.96052e+03	2.65174e+03
7.30000e+01	1.94113e+03	2.03592e+03	2.07245e+03	1.86348e+03	1.95632e+03	2.62751e+03
7.40000e+01	1.94124e+03	1.98184e+03	1.97365e+03	1.89880e+03	1.94165e+03	2.64560e+03
7.50000e+01	1.96474e+03	1.97452e+03	2.01618e+03	1.88041e+03	1.97151e+03	2.61306e+03
7.60000e+01	1.98361e+03	2.00978e+03	2.10410e+03	1.84488e+03	1.97362e+03	2.62186e+03
7.70000e+01	1.95725e+03	1.99990e+03	2.04076e+03	1.86409e+03	1.96353e+03	2.64078e+03
7.80000e+01	1.91703e+03	2.07917e+03	2.01202e+03	1.92123e+03	1.97009e+03	2.63656e+03
7.90000e+01	1.93079e+03	2.04377e+03	1.97283e+03	1.94500e+03	1.95884e+03	2.64037e+03
8.00000e+01	1.94081e+03	2.03744e+03	2.07485e+03	1.86415e+03	1.95112e+03	2.64988e+03
8.10000e+01	1.95813e+03	2.02323e+03	2.08494e+03	1.85139e+03	1.96764e+03	2.63998e+03
8.20000e+01	1.93762e+03	2.06961e+03	2.01054e+03	1.92719e+03	1.98015e+03	2.63980e+03
8.30000e+01	1.96259e+03	1.97991e+03	1.99060e+03	1.91377e+03	1.97676e+03	2.64449e+03
8.40000e+01	1.98770e+03	2.00143e+03	2.09549e+03	1.85385e+03	1.98802e+03	2.64542e+03
8.50000e+01	1.96773e+03	2.04548e+03	2.15495e+03	1.82216e+03	1.97463e+03	2.65650e+03
8.60000e+01	1.91413e+03	2.06890e+03	1.99874e+03	1.92020e+03	1.95512e+03	2.63844e+03
8.70000e+01	1.93299e+03	2.07662e+03	2.08939e+03	1.86699e+03	1.96273e+03	2.64044e+03
8.80000e+01	1.96556e+03	2.02331e+03	2.09959e+03	1.84351e+03	1.96622e+03	2.64925e+03
8.90000e+01	1.96529e+03	2.03806e+03	2.13072e+03	1.83218e+03	1.97892e+03	2.63993e+03
9.00000e+01	1.93332e+03	2.04096e+03	2.07006e+03	1.86374e+03	1.95767e+03	2.64077e+03
9.10000e+01	1.96320e+03	2.00507e+03	2.06214e+03	1.86220e+03	1.96701e+03	2.64766e+03
9.20000e+01	1.95711e+03	2.05858e+03	2.08934e+03	1.87797e+03	1.97854e+03	2.65015e+03
9.30000e+01	1.96136e+03	2.04432e+03	2.05757e+03	1.88867e+03	1.98214e+03	2.66079e+03
9.40000e+01	1.97359e+03	2.05631e+03	1.94665e+03	2.05982e+03	2.03507e+03	2.60136e+03
9.50000e+01	1.96115e+03	2.04187e+03	2.07560e+03	1.87795e+03	1.97604e+03	2.62373e+03
9.60000e+01	1.98836e+03	1.98482e+03	2.06492e+03	1.86241e+03	1.97446e+03	2.64755e+03
9.70000e+01	1.97661e+03	2.00293e+03	2.06797e+03	1.86614e+03	1.97154e+03	2.64082e+03
9.80000e+01	1.95180e+03	2.07530e+03	2.18127e+03	1.81977e+03	1.96850e+03	2.64037e+03
9.90000e+01	1.94514e+03	2.06117e+03	2.05710e+03	1.89688e+03	1.97333e+03	2.67459e+03
1.00000e+02	1.98059e+03	2.00048e+03	2.09604e+03	1.84536e+03	1.97660e+03	2.63428e+03
1.01000e+02	1.98024e+03	2.03559e+03	2.14442e+03	1.83283e+03	1.98199e+03	2.64793e+03
1.02000e+02	1.96551e+03	2.03825e+03	2.12420e+03	1.83295e+03	1.96877e+03	2.66360e+03
1.03000e+02	1.94696e+03	2.04503e+03	2.08781e+03	1.86331e+03	1.96527e+03	2.66260e+03
1.04000e+02	1.95009e+03	2.05424e+03	2.07246e+03	1.88215e+03	1.97115e+03	2.65889e+03
1.05000e+02	1.94509e+03	2.06884e+03	2.15712e+03	1.82434e+03	1.95855e+03	2.63356e+03
1.06000e+02	1.94878e+03	2.07615e+03	2.06394e+03	1.89191e+03	1.98613e+03	2.62396e+03
1.07000e+02	1.95384e+03	2.06859e+03	2.09767e+03	1.87762e+03	1.97767e+03	2.65265e+03
1.08000e+02	1.97282e+03	1.99053e+03	2.04507e+03	1.86738e+03	1.97257e+03	2.65761e+03
1.09000e+02	1.98865e+03	1.99043e+03	2.07118e+03	1.86605e+03	1.98362e+03	2.66562e+03
1.10000e+02	1.96572e+03	2.03768e+03	2.10833e+03	1.85582e+03	1.96731e+03	2.65745e+03
1.11000e+02	1.93761e+03	2.04979e+03	2.04371e+03	1.88869e+03	1.96002e+03	2.65309e+03
1.12000e+02	1.93741e+03	2.08811e+03	2.13175e+03	1.84758e+03	1.95921e+03	2.64951e+03
1.13000e+02	1.96310e+03	2.01419e+03	2.06291e+03	1.86626e+03	1.97032e+03	2.65146e+03
1.14000e+02	1.98676e+03	1.97930e+03	2.04547e+03	1.87766e+03	1.97512e+03	2.65660e+03
1.15000e+02	1.94188e+03	2.07499e+03	2.09797e+03	1.87098e+03	1.97666e+03	2.64751e+03
1.16000e+02	1.93378e+03	2.03780e+03	2.06759e+03	1.85999e+03	1.94507e+03	2.65501e+03
1.17000e+02	1.96616e+03	2.08393e+03	2.21654e+03	1.81232e+03	1.97368e+03	2.66466e+03
1.18000e+02	1.94264e+03	2.05826e+03	2.02086e+03	1.90966e+03	1.97041e+03	2.65055e+03
1.19000e+02	1.95994e+03	2.00631e+03	2.05651e+03	1.86561e+03	1.96418e+03	2.65287e+03
1.20000e+02	1.95074e+03	2.07940e+03	2.07139e+03	1.89313e+03	1.98705e+03	2.62628e+03
1.21000e+02	1.94066e+03	2.05165e+03	2.05328e+03	1.88435e+03	1.96381e+03	2.64585e+03
1.22000e+02	1.94150e+03	2.04853e+03	2.04674e+03	1.88969e+03	1.95836e+03	2.64694e+03
1.23000e+02	1.94261e+03	2.05961e+03	2.06942e+03	1.87878e+03	1.95882e+03	2.64829e+03
1.24000e+02	1.95673e+03	2.00771e+03	2.04732e+03	1.86961e+03	1.96240e+03	2.66277e+03
1.25000e+02	1.95450e+03	2.09174e+03	2.22033e+03	1.80144e+03	1.95768e+03	2.66462e+03
1.26000e+02	1.96786e+03	1.97827e+03	2.01784e+03	1.88130e+03	1.96024e+03	2.65179e+03
1.27000e+02	1.94600e+03	2.05735e+03	2.06615e+03	1.88733e+03	1.97266e+03	2.66153e+03
1.28000e+02	1.95190e+03	2.01877e+03	2.06765e+03	1.85698e+03	1.95575e+03	2.66245e+03
1.29000e+02	1.97604e+03	2.01676e+03	2.09958e+03	1.84906e+03	1.97586e+03	2.64263e+03
1.30000e+02	1.95515e+03	2.04480e+03	2.13700e+03	1.82282e+03	1.95612e+03	2.64820e+03
1.31000e+02	1.94278e+03	2.06296e+03	2.02539e+03	1.90815e+03	1.97292e+03	2.64598e+03
1.32000e+02	1.95295e+03	2.06269e+03	2.08557e+03	1.88399e+03	1.98020e+03	2.65252e+03
1.33000e+02	1.94863e+03	2.06621e+03	2.04543e+03	1.89753e+03	1.98389e+03	2.61729e+03
1.34000e+02	1.97178e+03	2.01680e+03	2.11527e+03	1.83165e+03	1.96274e+03	2.65857e+03
1.35000e+02	1.93078e+03	2.03743e+03	1.97302e+03	1.93111e+03	1.95709e+03	2.64131e+03
1.36000e+02	1.96141e+03	2.04967e+03	2.07380e+03	1.88669e+03	1.98005e+03	2.65983e+03
1.37000e+02	1.96314e+03	2.01773e+03	2.07519e+03	1.86210e+03	1.97029e+03	2.65170e+03
1.38000e+02	1.95039e+03	2.03591e+03	2.08418e+03	1.85969e+03	1.95017e+03	2.67219e+03
1.39000e+02	1.95692e+03	2.08715e+03	2.15832e+03	1.84443e+03	1.97732e+03	2.65871e+03
1.40000e+02	1.96117e+03	2.08899e+03	2.21284e+03	1.81216e+03	1.96925e+03	2.66084e+03
1.41000e+02	1.96612e+03	2.03484e+03	2.11059e+03	1.85531e+03	1.96837e+03	2.64933e+03
1.42000e+02	1.97549e+03	2.03950e+03	2.15589e+03	1.82583e+03	1.97774e+03	2.64353e+03
1.43000e+02	1.97784e+03	2.01091e+03	2.08397e+03	1.86256e+03	1.97992e+03	2.65257e+03
1.44000e+02	1.94272e+03	2.10326e+03	2.16574e+03	1.83995e+03	1.97082e+03	2.65452e+03
1.45000e+02	1.95189e+03	2.03249e+03	1.99513e+03	1.92423e+03	1.96629e+03	2.64632e+03
1.46000e+02	1.96787e+03	2.05814e+03	2.16447e+03	1.82432e+03	1.96429e+03	2.66365e+03
1.47000e+02	1.94880e+03	2.06681e+03	2.09991e+03	1.86674e+03	1.97602e+03	2.63776e+03
1.48000e+02	1.96924e+03	2.01671e+03	2.09359e+03	1.84808e+03	1.96346e+03	2.65504e+03
1.49000e+02	1.96215e+03	2.03928e+03	2.13168e+03	1.83173e+03	1.96277e+03	2.65716e+03
1.50000e+02	1.97660e+03	2.05201e+03	2.17868e+03	1.81728e+03	1.97280e+03	2.65990e+03
1.51000e+02	1.97293e+03	2.01675e+03	2.08840e+03	1.85661e+03	1.97880e+03	2.64852e+03
1.52000e+02	1.97659e+03	1.98948e+03	2.06049e+03	1.86453e+03	1.96713e+03	2.65562e+03
1.53000e+02	1.97010e+03	2.08036e+03	2.22190e+03	1.81108e+03	1.97096e+03	2.66379e+03
1.54000e+02	1.97052e+03	1.98556e+03	2.04869e+03	1.86238e+03	1.95787e+03	2.65389e+03
1.55000e+02	1.96903e+03	2.09386e+03	2.25491e+03	1.79579e+03	1.97128e+03	2.67131e+03
1.56000e+02	1.95479e+03	2.06748e+03	2.16243e+03	1.82595e+03	1.95714e+03	2.66813e+03
1.57000e+02	1.95932e+03	2.07691e+03	2.13202e+03	1.86010e+03	1.97758e+03	2.65692e+03
1.58000e+02	1.94340e+03	2.07870e+03	2.07627e+03	1.87608e+03	1.96642e+03	2.63689e+03
1.59000e+02	1.93964e+03	2.06496e+03	2.07650e+03	1.87719e+03	1.96510e+03	2.65403e+03
1.60000e+02	1.97475e+03	1.98523e+03	2.04567e+03	1.86970e+03	1.96630e+03	2.66059e+03
1.61000e+02	1.96817e+03	2.01899e+03	2.09137e+03	1.85544e+03	1.97108e+03	2.66486e+03
1.62000e+02	1.96252e+03	2.04947e+03	2.08007e+03	1.88206e+03	1.97976e+03	2.65508e+03
1.63000e+02	1.94780e+03	2.10464e+03	2.12660e+03	1.86007e+03	1.97258e+03	2.65067e+03
1.64000e+02	1.95657e+03	2.06422e+03	2.05442e+03	1.89947e+03	1.98653e+03	2.64014e+03
1.65000e+02	1.95509e+03	2.07297e+03	2.13016e+03	1.85254e+03	1.96728e+03	2.65069e+03
1.66000e+02	1.93884e+03	2.06416e+03	2.07820e+03	1.87106e+03	1.95639e+03	2.66303e+03
1.67000e+02	1.93974e+03	2.05460e+03	2.06025e+03	1.88498e+03	1.95986e+03	2.65661e+03
1.68000e+02	1.98090e+03	1.98897e+03	2.05213e+03	1.87665e+03	1.98083e+03	2.67414e+03
1.69000e+02	1.95819e+03	2.04289e+03	2.13271e+03	1.83168e+03	1.96386e+03	2.67194e+03
1.70000e+02	1.94275e+03	2.06760e+03	2.09184e+03	1.86758e+03	1.96445e+03	2.65733e+03
1.71000e+02	1.95607e+03	2.02214e+03	2.08067e+03	1.85372e+03	1.95955e+03	2.66500e+03
1.72000e+02	1.96410e+03	2.03864e+03	2.11333e+03	1.85481e+03	1.96738e+03	2.66270e+03
1.73000e+02	1.96781e+03	1.98111e+03	2.02325e+03	1.88160e+03	1.95903e+03	2.67025e+03
1.74000e+02	1.98978e+03	1.98553e+03	2.07823e+03	1.85899e+03	1.97593e+03	2.64281e+03
1.75000e+02	1.97642e+03	2.03998e+03	2.15493e+03	1.82678e+03	1.97006e+03	2.66285e+03
1.76000e+02	1.96655e+03	2.07369e+03	2.13797e+03	1.86048e+03	1.98473e+03	2.65024e+03
1.77000e+02	1.96444e+03	2.04011e+03	2.15161e+03	1.81913e+03	1.96507e+03	2.64384e+03
1.78000e+02	1.96085e+03	2.02383e+03	2.09360e+03	1.84895e+03	1.96217e+03	2.67135e+03
1.79000e+02	1.97524e+03	1.97965e+03	2.02966e+03	1.88021e+03	1.96212e+03	2.67057e+03
1.80000e+02	1.96494e+03	2.04834e+03	2.08478e+03	1.87901e+03	1.97872e+03	2.65119e+03
1.81000e+02	1.94244e+03	2.08261e+03	2.07757e+03	1.87915e+03	1.97292e+03	2.64095e+03
1.82000e+02	1.96207e+03	1.98560e+03	2.02461e+03	1.87832e+03	1.95939e+03	2.67121e+03
1.83000e+02	1.95375e+03	2.05265e+03	2.06964e+03	1.88363e+03	1.97154e+03	2.65714e+03
1.84000e+02	1.97692e+03	1.98749e+03	2.05780e+03	1.86448e+03	1.96457e+03	2.67271e+03
1.85000e+02	1.97863e+03	2.02784e+03	2.15490e+03	1.82352e+03	1.97142e+03	2.65690e+03
1.86000e+02	1.97320e+03	1.99684e+03	2.07592e+03	1.85446e+03	1.96661e+03	2.65218e+03
1.87000e+02	1.94534e+03	2.09135e+03	2.09813e+03	1.87193e+03	1.97654e+03	2.64352e+03
1.88000e+02	1.94061e+03	2.06172e+03	2.07691e+03	1.87357e+03	1.95972e+03	2.65065e+03
1.89000e+02	1.96413e+03	2.07902e+03	2.21475e+03	1.80206e+03	1.95993e+03	2.66400e+03
1.90000e+02	1.98755e+03	2.01062e+03	2.12134e+03	1.83728e+03	1.97884e+03	2.67008e+03
1.91000e+02	1.96371e+03	1.98036e+03	2.02311e+03	1.87713e+03	1.95701e+03	2.67440e+03
1.92000e+02	1.95493e+03	2.05565e+03	2.03854e+03	1.90510e+03	1.98263e+03	2.63812e+03
1.93000e+02	1.96754e+03	2.05070e+03	2.16820e+03	1.82022e+03	1.96943e+03	2.66453e+03
1.94000e+02	1.96035e+03	1.98654e+03	2.03677e+03	1.86711e+03	1.95228e+03	2.66081e+03
1.95000e+02	1.97315e+03	2.00533e+03	2.07378e+03	1.86232e+03	1.96505e+03	2.65827e+03
1.96000e+02	1.95550e+03	2.06242e+03	2.09857e+03	1.87304e+03	1.97674e+03	2.65615e+03
1.97000e+02	1.96137e+03	2.03258e+03	2.11798e+03	1.83704e+03	1.95856e+03	2.66076e+03
1.98000e+02	1.96645e+03	2.05271e+03	2.15677e+03	1.83464e+03	1.96758e+03	2.66358e+03
1.99000e+02	1.95545e+03	2.09181e+03	2.11824e+03	1.86436e+03	1.98918e+03	2.63712e+03
2.00000e+02	1.98047e+03	2.01930e+03	2.10819e+03	1.85432e+03	1.97603e+03	2.66386e+03
2.01000e+02	1.94357e+03	2.08424e+03	2.13612e+03	1.84595e+03	1.96467e+03	2.64990e+03
2.02000e+02	1.95445e+03	2.06753e+03	2.10246e+03	1.86828e+03	1.97826e+03	2.66140e+03
2.03000e+02	1.95472e+03	2.07164e+03	2.18158e+03	1.81898e+03	1.95955e+03	2.66909e+03
2.04000e+02	1.96114e+03	2.04645e+03	2.14814e+03	1.82536e+03	1.96037e+03	2.66277e+03
2.05000e+02	1.98701e+03	1.98917e+03	2.06945e+03	1.86166e+03	1.97290e+03	2.67254e+03
2.06000e+02	1.94411e+03	2.08068e+03	2.13175e+03	1.84632e+03	1.96202e+03	2.64873e+03
2.07000e+02	1.96095e+03	1.97834e+03	2.01813e+03	1.87631e+03	1.95338e+03	2.66890e+03
2.08000e+02	1.94941e+03	2.07763e+03	2.08863e+03	1.87175e+03	1.96700e+03	2.64234e+03
2.09000e+02	1.98087e+03	2.03781e+03	2.15838e+03	1.82865e+03	1.97664e+03	2.65299e+03
2.10000e+02	1.98510e+03	2.01605e+03	2.10774e+03	1.85321e+03	1.97515e+03	2.67274e+03
2.11000e+02	1.95184e+03	2.06210e+03	2.05842e+03	1.88396e+03	1.97567e+03	2.63266e+03
2.12000e+02	1.96617e+03	2.09341e+03	2.24972e+03	1.79628e+03	1.97202e+03	2.65921e+03
2.13000e+02	1.97671e+03	2.01980e+03	2.11031e+03	1.85066e+03	1.97722e+03	2.66014e+03
2.14000e+02	1.96021e+03	2.06275e+03	2.06642e+03	1.88716e+03	1.98304e+03	2.63937e+03
2.15000e+02	1.95812e+03	2.04602e+03	2.14727e+03	1.82372e+03	1.95857e+03	2.66310e+03
2.16000e+02	1.93800e+03	2.05265e+03	2.05901e+03	1.88011e+03	1.95780e+03	2.65575e+03
2.17000e+02	1.94690e+03	2.09577e+03	2.17226e+03	1.83081e+03	1.96601e+03	2.64650e+03
2.18000e+02	1.95953e+03	2.05732e+03	2.14647e+03	1.83528e+03	1.96258e+03	2.67652e+03
2.19000e+02	1.97386e+03	2.00936e+03	2.08488e+03	1.85983e+03	1.96900e+03	2.66534e+03
2.20000e+02	1.95871e+03	2.05274e+03	2.08475e+03	1.87753e+03	1.97938e+03	2.65422e+03
2.21000e+02	1.95520e+03	2.07233e+03	2.12424e+03	1.85552e+03	1.97001e+03	2.66313e+03
2.22000e+02	1.95242e+03	2.07873e+03	2.14042e+03	1.84315e+03	1.96493e+03	2.65084e+03
2.23000e+02	1.96306e+03	2.06836e+03	2.13026e+03	1.85428e+03	1.97609e+03	2.65745e+03
2.24000e+02	1.96390e+03	2.04465e+03	2.15633e+03	1.82154e+03	1.96476e+03	2.64738e+03
2.25000e+02	1.96763e+03	2.02471e+03	2.10797e+03	1.84529e+03	1.96249e+03	2.65782e+03
2.26000e+02	1.95287e+03	2.01340e+03	2.06400e+03	1.85971e+03	1.95226e+03	2.67263e+03
2.27000e+02	1.98856e+03	2.03409e+03	2.15876e+03	1.83380e+03	1.98098e+03	2.66974e+03
2.28000e+02	1.94992e+03	2.05912e+03	2.08636e+03	1.87295e+03	1.96557e+03	2.65403e+03
2.29000e+02	1.96905e+03	2.03577e+03	2.14438e+03	1.82537e+03	1.96164e+03	2.65615e+03
2.30000e+02	1.95580e+03	2.05620e+03	2.08364e+03	1.88205e+03	1.97306e+03	2.65893e+03
2.31000e+02	1.97195e+03	2.03522e+03	2.14668e+03	1.82931e+03	1.96340e+03	2.66022e+03
2.32000e+02	1.96442e+03	2.04283e+03	2.07740e+03	1.87749e+03	1.96755e+03	2.66364e+03
2.33000e+02	1.95059e+03	2.06284e+03	2.10232e+03	1.86062e+03	1.96260e+03	2.65273e+03
2.34000e+02	1.96995e+03	2.08274e+03	2.22465e+03	1.80882e+03	1.97162e+03	2.66627e+03
2.35000e+02	1.98684e+03	2.04909e+03	2.19850e+03	1.81422e+03	1.97778e+03	2.66970e+03
2.36000e+02	1.95886e+03	2.04103e+03	2.15931e+03	1.81221e+03	1.95119e+03	2.67507e+03
2.37000e+02	1.93995e+03	2.08255e+03	1.94937e+03	2.01874e+03	2.06502e+03	2.57502e+03
2.38000e+02	1.97750e+03	2.06829e+03	1.95200e+03	2.05601e+03	2.08549e+03	2.56217e+03
2.39000e+02	1.94986e+03	2.08592e+03	1.96399e+03	2.02005e+03	2.08706e+03	2.56882e+03
2.40000e+02	1.93853e+03	2.08406e+03	1.93891e+03	2.04109e+03	2.09625e+03	2.52419e+03
2.41000e+02	1.93833e+03	2.08886e+03	1.93814e+03	2.04440e+03	2.09332e+03	2.54722e+03
2.42000e+02	1.94755e+03	2.08319e+03	1.95426e+03	2.02116e+03	2.07453e+03	2.57567e+03
2.43000e+02	1.96132e+03	2.07524e+03	1.94105e+03	2.05861e+03	2.07751e+03	2.56286e+03
2.44000e+02	1.95783e+03	2.05235e+03	2.04208e+03	1.89939e+03	1.98339e+03	2.64241e+03
2.45000e+02	1.95861e+03	2.07379e+03	1.93674e+03	2.05903e+03	2.07109e+03	2.56962e+03
2.46000e+02	1.95717e+03	2.07683e+03	1.97543e+03	1.98945e+03	2.05890e+03	2.57770e+03
2.47000e+02	1.94796e+03	2.03001e+03	1.98759e+03	1.92061e+03	1.97029e+03	2.63520e+03
2.48000e+02	1.96651e+03	2.06915e+03	1.98197e+03	1.98565e+03	2.05074e+03	2.59830e+03
2.49000e+02	1.95181e+03	2.08274e+03	1.96180e+03	2.01915e+03	2.08408e+03	2.56677e+03
2.50000e+02	1.97463e+03	2.07803e+03	1.95384e+03	2.06281e+03	2.09494e+03	2.57573e+03
2.51000e+02	1.95317e+03	2.08352e+03	1.96279e+03	2.02035e+03	2.08479e+03	2.56906e+03
2.52000e+02	1.96576e+03	2.07259e+03	1.94641e+03	2.05677e+03	2.08185e+03	2.56280e+03
2.53000e+02	1.95866e+03	2.08841e+03	1.94291e+03	2.06951e+03	2.10851e+03	2.54177e+03
2.54000e+02	1.95778e+03	2.10781e+03	1.97196e+03	2.03993e+03	2.13280e+03	2.53675e+03
2.55000e+02	1.93981e+03	2.08826e+03	1.93944e+03	2.04353e+03	2.09759e+03	2.54588e+03
2.56000e+02	1.94689e+03	2.07447e+03	1.96987e+03	1.98443e+03	2.04217e+03	2.58834e+03
2.57000e+02	1.95231e+03	2.08020e+03	1.96501e+03	2.01496e+03	2.08033e+03	2.57129e+03
2.58000e+02	1.94151e+03	2.08721e+03	1.94106e+03	2.04329e+03	2.09794e+03	2.54137e+03
2.59000e+02	1.94643e+03	2.10696e+03	1.96024e+03	2.03964e+03	2.12283e+03	2.53907e+03
2.60000e+02	1.93559e+03	2.07322e+03	1.96062e+03	1.98266e+03	2.03047e+03	2.58609e+03
2.61000e+02	1.94305e+03	2.11254e+03	1.95494e+03	2.04491e+03	2.13046e+03	2.52150e+03
2.62000e+02	1.95908e+03	2.07714e+03	1.94424e+03	2.05870e+03	2.08584e+03	2.55463e+03
2.63000e+02	1.94659e+03	2.10508e+03	1.94535e+03	2.06026e+03	2.12942e+03	2.52746e+03
2.64000e+02	1.96908e+03	2.07296e+03	1.99773e+03	1.98161e+03	2.06495e+03	2.58920e+03
2.65000e+02	1.94480e+03	2.09574e+03	1.95246e+03	2.03244e+03	2.10341e+03	2.54509e+03
2.66000e+02	1.94955e+03	2.03462e+03	1.99530e+03	1.91998e+03	1.97491e+03	2.64540e+03
2.67000e+02	1.93903e+03	2.08530e+03	1.95181e+03	2.01855e+03	2.07255e+03	2.56059e+03
2.68000e+02	1.96528e+03	2.05050e+03	1.94206e+03	2.05657e+03	2.03767e+03	2.58810e+03
2.69000e+02	1.94627e+03	2.08726e+03	1.95636e+03	2.02122e+03	2.08721e+03	2.55056e+03
2.70000e+02	1.94459e+03	2.07124e+03	1.96228e+03	1.98471e+03	2.03375e+03	2.59097e+03
2.71000e+02	1.94523e+03	2.14336e+03	1.94467e+03	2.09696e+03	2.21205e+03	2.46902e+03
2.72000e+02	1.95744e+03	2.07860e+03	1.94223e+03	2.05925e+03	2.07881e+03	2.57332e+03
2.73000e+02	1.94947e+03	2.12059e+03	1.96074e+03	2.05398e+03	2.15103e+03	2.51051e+03
2.74000e+02	1.95675e+03	2.08245e+03	1.96722e+03	2.01865e+03	2.08697e+03	2.57185e+03
2.75000e+02	1.94295e+03	2.09434e+03	1.94331e+03	2.05031e+03	2.10665e+03	2.55393e+03
2.76000e+02	1.95277e+03	2.08566e+03	1.96797e+03	2.01775e+03	2.08732e+03	2.57182e+03
2.77000e+02	1.95732e+03	2.07415e+03	1.94130e+03	2.05567e+03	2.07298e+03	2.56565e+03
2.78000e+02	1.95406e+03	2.07900e+03	1.93936e+03	2.05921e+03	2.08282e+03	2.55472e+03
2.79000e+02	1.95297e+03	2.04932e+03	2.07494e+03	1.87718e+03	1.97060e+03	2.65585e+03
2.80000e+02	1.94724e+03	2.11039e+03	1.94747e+03	2.06487e+03	2.14328e+03	2.52327e+03
2.81000e+02	1.94811e+03	2.06972e+03	1.97282e+03	1.97910e+03	2.03783e+03	2.58798e+03
2.82000e+02	1.94414e+03	2.09149e+03	1.94445e+03	2.04595e+03	2.09832e+03	2.56247e+03
2.83000e+02	1.95508e+03	2.08073e+03	1.96453e+03	2.01657e+03	2.08453e+03	2.57058e+03
2.84000e+02	1.95280e+03	2.08678e+03	1.96154e+03	2.02284e+03	2.08483e+03	2.56853e+03
2.85000e+02	1.94679e+03	2.08237e+03	1.95816e+03	2.01627e+03	2.07641e+03	2.57158e+03
2.86000e+02	1.95229e+03	2.12010e+03	1.96271e+03	2.05311e+03	2.15339e+03	2.51654e+03
2.87000e+02	1.95951e+03	2.08123e+03	1.97558e+03	2.01259e+03	2.08761e+03	2.57065e+03
2.88000e+02	1.94272e+03	2.00370e+03	2.00117e+03	1.90017e+03	1.94466e+03	2.67914e+03
2.89000e+02	1.94778e+03	2.08655e+03	1.95871e+03	2.02268e+03	2.08423e+03	2.56428e+03
2.90000e+02	1.94223e+03	2.08063e+03	1.95341e+03	2.01483e+03	2.06868e+03	2.56111e+03
2.91000e+02	1.96594e+03	2.07903e+03	1.98126e+03	2.01147e+03	2.09001e+03	2.57304e+03
2.92000e+02	1.97770e+03	2.07473e+03	1.95919e+03	2.05737e+03	2.09067e+03	2.57471e+03
2.93000e+02	1.94746e+03	2.08021e+03	1.95576e+03	2.01591e+03	2.06988e+03	2.57047e+03
2.94000e+02	1.95223e+03	2.02858e+03	2.02523e+03	1.89969e+03	1.96254e+03	2.66546e+03
2.95000e+02	1.95164e+03	2.03157e+03	2.02876e+03	1.90064e+03	1.96946e+03	2.65670e+03
2.96000e+02	1.94494e+03	2.07041e+03	1.96370e+03	1.98308e+03	2.03562e+03	2.58157e+03
2.97000e+02	1.94564e+03	2.08265e+03	1.96068e+03	2.01394e+03	2.07381e+03	2.57049e+03
2.98000e+02	1.95029e+03	2.04946e+03	2.06792e+03	1.87835e+03	1.96550e+03	2.66314e+03
2.99000e+02	1.95061e+03	2.03336e+03	1.99611e+03	1.92025e+03	1.97191e+03	2.64295e+03
3.00000e+02	1.94675e+03	2.09306e+03	1.94656e+03	2.04834e+03	2.10956e+03	2.54617e+03
3.01000e+02	1.95063e+03	2.07048e+03	1.96924e+03	1.98308e+03	2.04327e+03	2.58418e+03
3.02000e+02	1.95314e+03	2.08352e+03	1.96618e+03	2.01608e+03	2.08000e+03	2.57378e+03
3.03000e+02	1.96760e+03	2.07448e+03	1.95490e+03	2.05194e+03	2.08484e+03	2.56484e+03
3.04000e+02	1.95456e+03	2.03859e+03	1.96252e+03	1.97805e+03	1.99817e+03	2.63893e+03
3.05000e+02	1.94446e+03	2.08343e+03	1.95766e+03	2.01574e+03	2.07476e+03	2.57232e+03
3.06000e+02	1.95096e+03	2.08909e+03	1.95119e+03	2.04487e+03	2.10696e+03	2.55145e+03
3.07000e+02	1.94280e+03	2.08148e+03	1.95480e+03	2.01552e+03	2.07295e+03	2.56814e+03
3.08000e+02	1.95264e+03	2.07430e+03	1.97752e+03	1.98367e+03	2.04945e+03	2.59026e+03
3.09000e+02	1.94122e+03	2.09015e+03	1.94132e+03	2.04508e+03	2.09916e+03	2.55073e+03
3.10000e+02	1.94829e+03	2.08791e+03	1.94724e+03	2.04352e+03	2.10122e+03	2.54819e+03
3.11000e+02	1.94988e+03	2.08262e+03	1.96364e+03	2.01591e+03	2.07871e+03	2.57193e+03
3.12000e+02	1.95840e+03	2.08257e+03	1.97133e+03	2.01709e+03	2.08714e+03	2.57169e+03
3.13000e+02	1.94560e+03	2.07980e+03	1.96519e+03	1.99035e+03	2.05238e+03	2.56903e+03
3.14000e+02	1.94273e+03	2.08360e+03	1.95559e+03	2.01591e+03	2.07007e+03	2.56874e+03
3.15000e+02	1.94044e+03	2.08186e+03	1.95202e+03	2.01608e+03	2.06441e+03	2.57553e+03
3.16000e+02	1.95801e+03	2.08192e+03	1.96491e+03	2.01842e+03	2.08442e+03	2.57059e+03
3.17000e+02	1.95614e+03	2.08398e+03	1.97754e+03	1.99469e+03	2.07419e+03	2.56037e+03
3.18000e+02	1.95320e+03	2.09630e+03	1.96396e+03	2.03009e+03	2.10930e+03	2.54182e+03
3.19000e+02	1.94117e+03	2.08260e+03	1.95634e+03	2.01497e+03	2.07229e+03	2.56283e+03
3.20000e+02	1.95478e+03	2.07244e+03	1.94163e+03	2.05281e+03	2.07775e+03	2.55851e+03
3.21000e+02	1.95452e+03	2.08718e+03	1.93993e+03	2.06747e+03	2.10292e+03	2.53972e+03
3.22000e+02	1.94934e+03	2.08068e+03	1.96098e+03	2.01531e+03	2.07691e+03	2.56009e+03
3.23000e+02	1.94001e+03	2.08955e+03	1.94018e+03	2.04406e+03	2.09909e+03	2.54921e+03
3.24000e+02	1.94583e+03	2.08662e+03	1.95567e+03	2.02193e+03	2.07814e+03	2.56741e+03
3.25000e+02	1.94330e+03	2.07985e+03	1.95433e+03	2.01500e+03	2.06929e+03	2.55859e+03
3.26000e+02	1.94316e+03	2.11249e+03	1.95761e+03	2.04295e+03	2.12880e+03	2.52549e+03
3.27000e+02	1.95517e+03	2.07219e+03	1.93867e+03	2.05389e+03	2.07007e+03	2.55969e+03
3.28000e+02	1.97909e+03	2.05684e+03	1.94633e+03	2.06890e+03	2.06239e+03	2.57621e+03
3.29000e+02	1.94114e+03	2.10126e+03	1.95149e+03	2.03549e+03	2.10819e+03	2.52744e+03
3.30000e+02	1.96144e+03	2.10326e+03	1.95121e+03	2.07958e+03	2.13584e+03	2.52384e+03
3.31000e+02	1.94283e+03	2.08272e+03	1.95429e+03	2.01651e+03	2.07102e+03	2.56914e+03
3.32000e+02	1.96509e+03	2.10767e+03	1.94962e+03	2.08776e+03	2.14788e+03	2.51367e+03
3.33000e+02	1.93696e+03	2.05845e+03	1.94838e+03	1.99451e+03	2.02089e+03	2.59880e+03
3.34000e+02	1.94844e+03	2.08776e+03	1.95726e+03	2.02348e+03	2.08519e+03	2.56629e+03
3.35000e+02	1.95360e+03	2.11438e+03	1.96306e+03	2.04817e+03	2.14307e+03	2.52132e+03
3.36000e+02	1.96125e+03	2.07713e+03	1.94542e+03	2.05904e+03	2.08635e+03	2.56039e+03
3.37000e+02	1.95993e+03	2.07167e+03	1.94409e+03	2.05401e+03	2.07524e+03	2.56373e+03
3.38000e+02	1.95379e+03	2.11171e+03	1.95340e+03	2.06642e+03	2.15362e+03	2.51977e+03
3.39000e+02	1.94828e+03	2.09290e+03	1.95867e+03	2.02744e+03	2.09645e+03	2.55142e+03
3.40000e+02	1.95820e+03	2.07525e+03	1.94612e+03	2.05422e+03	2.08087e+03	2.56567e+03
3.41000e+02	1.95144e+03	2.08282e+03	1.96210e+03	2.01721e+03	2.08091e+03	2.56971e+03
3.42000e+02	1.94224e+03	2.08279e+03	1.95307e+03	2.01798e+03	2.06975e+03	2.57013e+03
3.43000e+02	1.95475e+03	2.11604e+03	1.96438e+03	2.04976e+03	2.14776e+03	2.52002e+03
3.44000e+02	1.94987e+03	2.09068e+03	1.94777e+03	2.04722e+03	2.10668e+03	2.55019e+03
3.45000e+02	1.95265e+03	2.09970e+03	1.96345e+03	2.03298e+03	2.11485e+03	2.54316e+03
3.46000e+02	1.95157e+03	2.08479e+03	1.96180e+03	2.01793e+03	2.08309e+03	2.56779e+03
3.47000e+02	1.97095e+03	2.10108e+03	1.96002e+03	2.07940e+03	2.15355e+03	2.51313e+03
3.48000e+02	1.95371e+03	2.08486e+03	1.96551e+03	2.01887e+03	2.08820e+03	2.56188e+03
3.49000e+02	1.94630e+03	2.13747e+03	1.95596e+03	2.06989e+03	2.18466e+03	2.48717e+03
3.50000e+02	1.95418e+03	2.08403e+03	1.96244e+03	2.02003e+03	2.08320e+03	2.56777e+03
3.51000e+02	1.98403e+03	2.06013e+03	1.95316e+03	2.07127e+03	2.08419e+03	2.56367e+03
3.52000e+02	1.94298e+03	2.08246e+03	1.95273e+03	2.01700e+03	2.06924e+03	2.56961e+03
3.53000e+02	1.96843e+03	2.10957e+03	1.97925e+03	2.04308e+03	2.15341e+03	2.52985e+03
3.54000e+02	1.97067e+03	2.11668e+03	1.95228e+03	2.09935e+03	2.17358e+03	2.50478e+03
3.55000e+02	1.96821e+03	2.08338e+03	1.98028e+03	2.01749e+03	2.09947e+03	2.56833e+03
3.56000e+02	1.96038e+03	2.07488e+03	1.98265e+03	1.98532e+03	2.05600e+03	2.59122e+03
3.57000e+02	1.96647e+03	2.12491e+03	1.97554e+03	2.05812e+03	2.17825e+03	2.50945e+03
3.58000e+02	1.94267e+03	2.07427e+03	1.96742e+03	1.98310e+03	2.03678e+03	2.59285e+03
3.59000e+02	1.96421e+03	2.07107e+03	1.98082e+03	1.98536e+03	2.05513e+03	2.59120e+03
3.60000e+02	1.94493e+03	2.07068e+03	1.96729e+03	1.98173e+03	2.03838e+03	2.58539e+03
3.61000e+02	1.95435e+03	2.08006e+03	1.96244e+03	2.01692e+03	2.07961e+03	2.56567e+03
3.62000e+02	1.97119e+03	2.07805e+03	1.95575e+03	2.05964e+03	2.10002e+03	2.55338e+03
3.63000e+02	1.94792e+03	2.08000e+03	1.96894e+03	1.99141e+03	2.05349e+03	2.58172e+03
3.64000e+02	1.94592e+03	2.04889e+03	1.96873e+03	1.96024e+03	1.99610e+03	2.61820e+03
3.65000e+02	1.94668e+03	2.10606e+03	1.96093e+03	2.03634e+03	2.11917e+03	2.53295e+03
3.66000e+02	1.94692e+03	2.08121e+03	1.95742e+03	2.01561e+03	2.07291e+03	2.56826e+03
3.67000e+02	1.95023e+03	2.09136e+03	1.94977e+03	2.04620e+03	2.10631e+03	2.55429e+03
3.68000e+02	1.94812e+03	2.07765e+03	1.96755e+03	1.98929e+03	2.05089e+03	2.58016e+03
3.69000e+02	1.97323e+03	2.04825e+03	1.94924e+03	2.05497e+03	2.05106e+03	2.57493e+03
3.70000e+02	1.95725e+03	2.10012e+03	1.96598e+03	2.03554e+03	2.12128e+03	2.54654e+03
3.71000e+02	1.96385e+03	2.09594e+03	1.97464e+03	2.02821e+03	2.11694e+03	2.54909e+03
3.72000e+02	1.95101e+03	2.07402e+03	1.97195e+03	1.98590e+03	2.04716e+03	2.58506e+03
3.73000e+02	1.97445e+03	2.08382e+03	1.95427e+03	2.06844e+03	2.11234e+03	2.55436e+03
3.74000e+02	1.95717e+03	2.08115e+03	1.96775e+03	2.01603e+03	2.08193e+03	2.57691e+03
3.75000e+02	1.94353e+03	2.08420e+03	1.95488e+03	2.01776e+03	2.07556e+03	2.56498e+03
3.76000e+02	1.95792e+03	2.08250e+03	1.96858e+03	2.01589e+03	2.08536e+03	2.56398e+03
3.77000e+02	1.96194e+03	2.09941e+03	1.94790e+03	2.07923e+03	2.13041e+03	2.53382e+03
3.78000e+02	1.94669e+03	2.08925e+03	1.94689e+03	2.04466e+03	2.10202e+03	2.55328e+03
3.79000e+02	1.91489e+03	2.06065e+03	1.92824e+03	1.99420e+03	1.97584e+03	2.59904e+03
3.80000e+02	1.94975e+03	2.09006e+03	1.96096e+03	2.02262e+03	2.09196e+03	2.55303e+03
3.81000e+02	1.95128e+03	2.13279e+03	1.96246e+03	2.06282e+03	2.17595e+03	2.49628e+03
3.82000e+02	1.95851e+03	2.12027e+03	1.96855e+03	2.05219e+03	2.15475e+03	2.52305e+03
3.83000e+02	1.96063e+03	2.10278e+03	1.94724e+03	2.08236e+03	2.13651e+03	2.52341e+03
3.84000e+02	1.95753e+03	2.07347e+03	1.94420e+03	2.05395e+03	2.07805e+03	2.57032e+03
3.85000e+02	1.96310e+03	2.10015e+03	1.95197e+03	2.07928e+03	2.13512e+03	2.53150e+03
3.86000e+02	1.95118e+03	2.07155e+03	1.96834e+03	1.98527e+03	2.04263e+03	2.59480e+03
3.87000e+02	1.95605e+03	2.07947e+03	1.96521e+03	2.01533e+03	2.07882e+03	2.56790e+03
3.88000e+02	1.95917e+03	2.10365e+03	1.96476e+03	2.03995e+03	2.12662e+03	2.53724e+03
3.89000e+02	1.95417e+03	2.08069e+03	1.96394e+03	2.01456e+03	2.07927e+03	2.56652e+03
3.90000e+02	1.96232e+03	2.07091e+03	1.94859e+03	2.05123e+03	2.07669e+03	2.56861e+03
3.91000e+02	1.95160e+03	2.11586e+03	1.96250e+03	2.04766e+03	2.14160e+03	2.52217e+03
3.92000e+02	1.97451e+03	2.06264e+03	1.95040e+03	2.06824e+03	2.07289e+03	2.56778e+03
3.93000e+02	1.94746e+03	2.07234e+03	1.96716e+03	1.98374e+03	2.03814e+03	2.59194e+03
3.94000e+02	1.94687e+03	2.07361e+03	1.96966e+03	1.98280e+03	2.04014e+03	2.59067e+03
3.95000e+02	1.95319e+03	2.11431e+03	1.96349e+03	2.04752e+03	2.14195e+03	2.52277e+03
3.96000e+02	1.95323e+03	2.10997e+03	1.96299e+03	2.04325e+03	2.13567e+03	2.52220e+03
3.97000e+02	1.97064e+03	2.08401e+03	1.95048e+03	2.06733e+03	2.11004e+03	2.54999e+03
3.98000e+02	1.96063e+03	2.07199e+03	1.94898e+03	2.05090e+03	2.08007e+03	2.56499e+03
3.99000e+02	1.95215e+03	2.08394e+03	1.96138e+03	2.01923e+03	2.08239e+03	2.57506e+03
4.00000e+02	1.95071e+03	2.08226e+03	1.95907e+03	2.01767e+03	2.07848e+03	2.56669e+03
4.01000e+02	1.96828e+03	2.07141e+03	1.95448e+03	2.05200e+03	2.08532e+03	2.56645e+03
4.02000e+02	1.95460e+03	2.08152e+03	1.96415e+03	2.01537e+03	2.08344e+03	2.56590e+03
4.03000e+02	1.95350e+03	2.09559e+03	1.96382e+03	2.02922e+03	2.10500e+03	2.55412e+03
4.04000e+02	1.94928e+03	2.11269e+03	1.95894e+03	2.04623e+03	2.13835e+03	2.51569e+03
4.05000e+02	1.95205e+03	2.10369e+03	1.96231e+03	2.03659e+03	2.11923e+03	2.54475e+03
4.06000e+02	1.97120e+03	2.07947e+03	1.98014e+03	2.01468e+03	2.10012e+03	2.56375e+03
4.07000e+02	1.96145e+03	2.09797e+03	1.96914e+03	2.03329e+03	2.12061e+03	2.53669e+03
4.08000e+02	1.95602e+03	2.11913e+03	1.96642e+03	2.04971e+03	2.15092e+03	2.51585e+03
4.09000e+02	1.96801e+03	2.12083e+03	1.98014e+03	2.05249e+03	2.17308e+03	2.51555e+03
4.10000e+02	1.96639e+03	2.07198e+03	1.95377e+03	2.05179e+03	2.08132e+03	2.57068e+03
4.11000e+02	1.95480e+03	2.07722e+03	1.97512e+03	1.98933e+03	2.05642e+03	2.58508e+03
4.12000e+02	1.96229e+03	2.08106e+03	1.97141e+03	2.01621e+03	2.08761e+03	2.56981e+03
4.13000e+02	1.94859e+03	2.08215e+03	1.96068e+03	2.01436e+03	2.07440e+03	2.57121e+03
4.14000e+02	1.95368e+03	2.08496e+03	1.97261e+03	1.99608e+03	2.07007e+03	2.56741e+03
4.15000e+02	1.95201e+03	2.09024e+03	1.95197e+03	2.04548e+03	2.10920e+03	2.55517e+03
4.16000e+02	1.96450e+03	2.07340e+03	1.94705e+03	2.05583e+03	2.08645e+03	2.56491e+03
4.17000e+02	1.97819e+03	2.08327e+03	1.96453e+03	2.06294e+03	2.11733e+03	2.55218e+03
4.18000e+02	1.94765e+03	2.09015e+03	1.94658e+03	2.04523e+03	2.10549e+03	2.54720e+03
4.19000e+02	1.95960e+03	2.07117e+03	1.94722e+03	2.05057e+03	2.07597e+03	2.56566e+03
4.20000e+02	1.96716e+03	2.04705e+03	1.94636e+03	2.04977e+03	2.03957e+03	2.58237e+03
4.21000e+02	1.94731e+03	2.11861e+03	1.96248e+03	2.04769e+03	2.14232e+03	2.51984e+03
4.22000e+02	1.94572e+03	2.07236e+03	1.96812e+03	1.98312e+03	2.04376e+03	2.58145e+03
4.23000e+02	1.98198e+03	2.05794e+03	1.95445e+03	2.06668e+03	2.07467e+03	2.57037e+03
4.24000e+02	1.97281e+03	2.07579e+03	1.95727e+03	2.05716e+03	2.09623e+03	2.55822e+03
4.25000e+02	1.96474e+03	2.07718e+03	1.94778e+03	2.05988e+03	2.09302e+03	2.55406e+03
4.26000e+02	1.95618e+03	2.07039e+03	1.94271e+03	2.05150e+03	2.07242e+03	2.56392e+03
4.27000e+02	1.97553e+03	2.07697e+03	1.95255e+03	2.08295e+03	2.10621e+03	2.54406e+03
4.28000e+02	1.94622e+03	2.08765e+03	1.95697e+03	2.02118e+03	2.08219e+03	2.56567e+03
4.29000e+02	1.95123e+03	2.10002e+03	1.96899e+03	2.01126e+03	2.09433e+03	2.55090e+03
4.30000e+02	1.96106e+03	2.07512e+03	1.94426e+03	2.05777e+03	2.08624e+03	2.56135e+03
4.31000e+02	1.94842e+03	2.09080e+03	1.94759e+03	2.04649e+03	2.10600e+03	2.55613e+03
4.32000e+02	1.95357e+03	2.07788e+03	1.97336e+03	1.98990e+03	2.05979e+03	2.57193e+03
4.33000e+02	1.93820e+03	2.08351e+03	1.94938e+03	2.01811e+03	2.06786e+03	2.56708e+03
4.34000e+02	1.94902e+03	2.08375e+03	1.96098e+03	2.01680e+03	2.07707e+03	2.57248e+03
4.35000e+02	1.94746e+03	2.08275e+03	1.95770e+03	2.01606e+03	2.07707e+03	2.56326e+03
4.36000e+02	1.94946e+03	2.10458e+03	1.94914e+03	2.05930e+03	2.13329e+03	2.53412e+03
4.37000e+02	1.94900e+03	2.08470e+03	1.96231e+03	2.01684e+03	2.08182e+03	2.56891e+03
4.38000e+02	1.95827e+03	2.08427e+03	1.94572e+03	2.06414e+03	2.09944e+03	2.54706e+03
4.39000e+02	1.94970e+03	2.08200e+03	1.95930e+03	2.01675e+03	2.07661e+03	2.56865e+03
4.40000e+02	1.95477e+03	2.08246e+03	1.96059e+03	2.01989e+03	2.08424e+03	2.56168e+03
4.41000e+02	1.95312e+03	2.08226e+03	1.95972e+03	2.01888e+03	2.08060e+03	2.56842e+03
4.42000e+02	1.94681e+03	2.07350e+03	1.96630e+03	1.98517e+03	2.04109e+03	2.59454e+03
4.43000e+02	1.94296e+03	2.08425e+03	1.95365e+03	2.01827e+03	2.07420e+03	2.56858e+03
4.44000e+02	1.95732e+03	2.08941e+03	1.95463e+03	2.04679e+03	2.11625e+03	2.54950e+03
4.45000e+02	1.94327e+03	2.08416e+03	1.95447e+03	2.01775e+03	2.07389e+03	2.57016e+03
4.46000e+02	1.94466e+03	2.08171e+03	1.95429e+03	2.01647e+03	2.07251e+03	2.56384e+03
4.47000e+02	1.95156e+03	2.07347e+03	1.97490e+03	1.98208e+03	2.04547e+03	2.59138e+03
4.48000e+02	1.94836e+03	2.08383e+03	1.95831e+03	2.01783e+03	2.07605e+03	2.56928e+03
4.49000e+02	1.95204e+03	2.10066e+03	1.96273e+03	2.03366e+03	2.11724e+03	2.53869e+03
4.50000e+02	1.95938e+03	2.07805e+03	1.94725e+03	2.05730e+03	2.08989e+03	2.55619e+03
4.51000e+02	1.94440e+03	2.08713e+03	1.95401e+03	2.02163e+03	2.07952e+03	2.55843e+03
4.52000e+02	1.94553e+03	2.08178e+03	1.95654e+03	2.01564e+03	2.07183e+03	2.56592e+03
4.53000e+02	1.94598e+03	2.08085e+03	1.95454e+03	2.01608e+03	2.07048e+03	2.56544e+03
4.54000e+02	1.95063e+03	2.09054e+03	1.94930e+03	2.04665e+03	2.10802e+03	2.55218e+03
4.55000e+02	1.98172e+03	2.04762e+03	1.95918e+03	2.05233e+03	2.05680e+03	2.58392e+03
4.56000e+02	1.95340e+03	2.08353e+03	1.96195e+03	2.01905e+03	2.08234e+03	2.57486e+03
4.57000e+02	1.94541e+03	2.09327e+03	1.94592e+03	2.04823e+03	2.10751e+03	2.55499e+03
4.58000e+02	1.95305e+03	2.11825e+03	1.96319e+03	2.05009e+03	2.14925e+03	2.51556e+03
4.59000e+02	1.96055e+03	2.09957e+03	1.98438e+03	2.00682e+03	2.10542e+03	2.54973e+03
4.60000e+02	1.97544e+03	2.07185e+03	1.95862e+03	2.05408e+03	2.09215e+03	2.56738e+03
4.61000e+02	1.95187e+03	2.14114e+03	1.95166e+03	2.09429e+03	2.21187e+03	2.47404e+03
4.62000e+02	1.94703e+03	2.09091e+03	1.94701e+03	2.04590e+03	2.10521e+03	2.55579e+03
4.63000e+02	1.95136e+03	2.08148e+03	1.97110e+03	1.99281e+03	2.05923e+03	2.57655e+03
4.64000e+02	1.95503e+03	2.08708e+03	1.97471e+03	1.99789e+03	2.07944e+03	2.55935e+03
4.65000e+02	1.94911e+03	2.11865e+03	1.94880e+03	2.07343e+03	2.16087e+03	2.51110e+03
4.66000e+02	1.95025e+03	2.08849e+03	1.95900e+03	2.02260e+03	2.08543e+03	2.56563e+03
4.67000e+02	1.95109e+03	2.09068e+03	1.95102e+03	2.04606e+03	2.10744e+03	2.55573e+03
4.68000e+02	1.95624e+03	2.08090e+03	1.96436e+03	2.01599e+03	2.08254e+03	2.56502e+03
4.69000e+02	1.94768e+03	2.09026e+03	1.94711e+03	2.04550e+03	2.10428e+03	2.55220e+03
4.70000e+02	1.94929e+03	2.08353e+03	1.97168e+03	1.99244e+03	2.06620e+03	2.56210e+03
4.71000e+02	1.94680e+03	2.09992e+03	1.95553e+03	2.03431e+03	2.10915e+03	2.53876e+03
4.72000e+02	1.95838e+03	2.10882e+03	1.96672e+03	2.04277e+03	2.13522e+03	2.53620e+03
4.73000e+02	1.95097e+03	2.07405e+03	1.97652e+03	1.98201e+03	2.04859e+03	2.58775e+03
4.74000e+02	1.96731e+03	2.10745e+03	1.97679e+03	2.04048e+03	2.14923e+03	2.53054e+03
4.75000e+02	1.97316e+03	2.07443e+03	1.96106e+03	2.05490e+03	2.10017e+03	2.56078e+03
4.76000e+02	1.95332e+03	2.07119e+03	1.97263e+03	1.98261e+03	2.04316e+03	2.58714e+03
4.77000e+02	1.96207e+03	2.11998e+03	1.97836e+03	2.03077e+03	2.14611e+03	2.52406e+03
4.78000e+02	1.97301e+03	2.07895e+03	1.95857e+03	2.06041e+03	2.10642e+03	2.55495e+03
4.79000e+02	1.94630e+03	2.10542e+03	1.95870e+03	2.03696e+03	2.11782e+03	2.53655e+03
4.80000e+02	1.96272e+03	2.08358e+03	1.97211e+03	2.01820e+03	2.09377e+03	2.56643e+03
4.81000e+02	1.95967e+03	2.10396e+03	1.96899e+03	2.03789e+03	2.13083e+03	2.53866e+03
4.82000e+02	1.95203e+03	2.09641e+03	1.96260e+03	2.02920e+03	2.10523e+03	2.54859e+03
4.83000e+02	1.95059e+03	2.09300e+03	1.96221e+03	2.02524e+03	2.10034e+03	2.54549e+03
4.84000e+02	1.95057e+03	2.11641e+03	1.95162e+03	2.06927e+03	2.16063e+03	2.51460e+03
4.85000e+02	1.98887e+03	2.07126e+03	1.96086e+03	2.08019e+03	2.10738e+03	2.55266e+03
4.86000e+02	1.94838e+03	2.08158e+03	1.96830e+03	1.99213e+03	2.05693e+03	2.57000e+03
4.87000e+02	1.96663e+03	2.09188e+03	1.96687e+03	2.04713e+03	2.13233e+03	2.55079e+03
4.88000e+02	1.95719e+03	2.08329e+03	1.96763e+03	2.01705e+03	2.08592e+03	2.57339e+03
4.89000e+02	1.94926e+03	2.09980e+03	1.96104e+03	2.03163e+03	2.11274e+03	2.54136e+03
4.90000e+02	1.95653e+03	2.09452e+03	1.96729e+03	2.02726e+03	2.10381e+03	2.56040e+03
4.91000e+02	1.95153e+03	2.09118e+03	1.95026e+03	2.04703e+03	2.11019e+03	2.54966e+03
4.92000e+02	1.97005e+03	2.07509e+03	1.95260e+03	2.05857e+03	2.09340e+03	2.56468e+03
4.93000e+02	1.96071e+03	2.07152e+03	1.97873e+03	1.98494e+03	2.05447e+03	2.58613e+03
4.94000e+02	1.98658e+03	2.05063e+03	1.96023e+03	2.05847e+03	2.06544e+03	2.58476e+03
4.95000e+02	1.95412e+03	2.09126e+03	1.95379e+03	2.04700e+03	2.11346e+03	2.55238e+03
4.96000e+02	1.96142e+03	2.08221e+03	1.94642e+03	2.06358e+03	2.09899e+03	2.55275e+03
4.97000e+02	1.98804e+03	2.08356e+03	1.96357e+03	2.09035e+03	2.13166e+03	2.53387e+03
4.98000e+02	1.98172e+03	2.05908e+03	1.95463e+03	2.06777e+03	2.07964e+03	2.56738e+03
4.99000e+02	1.94979e+03	2.08385e+03	1.96253e+03	2.01601e+03	2.07791e+03	2.57281e+03
5.00000e+02	1.97436e+03	2.07289e+03	1.95893e+03	2.05384e+03	2.09456e+03	2.55726e+03
5.01000e+02	1.95890e+03	2.07341e+03	1.94658e+03	2.05295e+03	2.08094e+03	2.56418e+03
5.02000e+02	1.95174e+03	2.07422e+03	1.97143e+03	1.98559e+03	2.04805e+03	2.58643e+03
5.03000e+02	1.95625e+03	2.09103e+03	1.95611e+03	2.04687e+03	2.11658e+03	2.55068e+03
5.04000e+02	1.95359e+03	2.09544e+03	1.96041e+03	2.03086e+03	2.10664e+03	2.54412e+03
5.05000e+02	1.96531e+03	2.08156e+03	1.97715e+03	2.01409e+03	2.09466e+03	2.56542e+03
5.06000e+02	1.96340e+03	2.03388e+03	2.01259e+03	1.91726e+03	1.98388e+03	2.65187e+03
5.07000e+02	1.96223e+03	2.07121e+03	1.98172e+03	1.98361e+03	2.05334e+03	2.59054e+03
5.08000e+02	1.95671e+03	2.08284e+03	1.96188e+03	2.01995e+03	2.08410e+03	2.57282e+03
5.09000e+02	1.94500e+03	2.05828e+03	1.95397e+03	1.99458e+03	2.02920e+03	2.59899e+03
5.10000e+02	1.95232e+03	2.05834e+03	1.95769e+03	1.99716e+03	2.03642e+03	2.59912e+03
5.11000e+02	1.96183e+03	2.04675e+03	2.08400e+03	1.87394e+03	1.97306e+03	2.66293e+03
5.12000e+02	1.94759e+03	2.08377e+03	1.95799e+03	2.01765e+03	2.07467e+03	2.57387e+03
5.13000e+02	1.95253e+03	2.09119e+03	1.94904e+03	2.04803e+03	2.11089e+03	2.55026e+03
5.14000e+02	1.97278e+03	2.07417e+03	1.95871e+03	2.05340e+03	2.09352e+03	2.56887e+03
5.15000e+02	1.96584e+03	2.04545e+03	2.08616e+03	1.87400e+03	1.97577e+03	2.66515e+03
5.16000e+02	1.95205e+03	2.07062e+03	1.97034e+03	1.98371e+03	2.03966e+03	2.59239e+03
5.17000e+02	1.95199e+03	2.07263e+03	1.97102e+03	1.98436e+03	2.04624e+03	2.58513e+03
5.18000e+02	1.96948e+03	2.07207e+03	1.95502e+03	2.05377e+03	2.09295e+03	2.56092e+03
5.19000e+02	1.96542e+03	2.09850e+03	1.95365e+03	2.07710e+03	2.13384e+03	2.53445e+03
5.20000e+02	1.97727e+03	2.09552e+03	1.96052e+03	2.07776e+03	2.14141e+03	2.53078e+03
5.21000e+02	1.95549e+03	2.08439e+03	1.96946e+03	2.01574e+03	2.08839e+03	2.57055e+03
5.22000e+02	1.94329e+03	2.08825e+03	1.95525e+03	2.02090e+03	2.07979e+03	2.56820e+03
5.23000e+02	1.96959e+03	2.11363e+03	1.95843e+03	2.09184e+03	2.16787e+03	2.51398e+03
5.24000e+02	1.95924e+03	2.06098e+03	1.97085e+03	1.99557e+03	2.04363e+03	2.60770e+03
5.25000e+02	1.96651e+03	2.09600e+03	1.95310e+03	2.07576e+03	2.13331e+03	2.53174e+03
5.26000e+02	1.96110e+03	2.05832e+03	1.96783e+03	1.99692e+03	2.04327e+03	2.60751e+03
5.27000e+02	1.95925e+03	2.08951e+03	1.95754e+03	2.04586e+03	2.11610e+03	2.55038e+03
5.28000e+02	1.95365e+03	2.08398e+03	1.96994e+03	2.01401e+03	2.08463e+03	2.56713e+03
5.29000e+02	1.98026e+03	2.09859e+03	1.96500e+03	2.07952e+03	2.15259e+03	2.52396e+03
5.30000e+02	1.97542e+03	2.07815e+03	1.95167e+03	2.08405e+03	2.10869e+03	2.54261e+03
5.31000e+02	1.98364e+03	2.08045e+03	1.95795e+03	2.08749e+03	2.12366e+03	2.52430e+03
5.32000e+02	1.96552e+03	2.08475e+03	1.95723e+03	2.06214e+03	2.11058e+03	2.55012e+03
5.33000e+02	1.95315e+03	2.08700e+03	1.97449e+03	1.99694e+03	2.07755e+03	2.55917e+03
5.34000e+02	1.96471e+03	2.09923e+03	1.97756e+03	2.01359e+03	2.11016e+03	2.54059e+03
5.35000e+02	1.94914e+03	2.08181e+03	1.96118e+03	2.01480e+03	2.07728e+03	2.56696e+03
5.36000e+02	1.95931e+03	2.08304e+03	1.97069e+03	2.01579e+03	2.08944e+03	2.56782e+03
5.37000e+02	1.94901e+03	2.08094e+03	1.97005e+03	1.99144e+03	2.05712e+03	2.58013e+03
5.38000e+02	1.95566e+03	2.07277e+03	1.97695e+03	1.98377e+03	2.04988e+03	2.59009e+03
5.39000e+02	1.96803e+03	2.07444e+03	1.95646e+03	2.05338e+03	2.09266e+03	2.56170e+03
5.40000e+02	1.96069e+03	2.08129e+03	1.97007e+03	2.01544e+03	2.09047e+03	2.56278e+03
5.41000e+02	1.97599e+03	2.11004e+03	1.96224e+03	2.09010e+03	2.17198e+03	2.50703e+03
5.42000e+02	1.94460e+03	2.07784e+03	1.96545e+03	1.98876e+03	2.05211e+03	2.56958e+03
5.43000e+02	1.95088e+03	2.08238e+03	1.97017e+03	1.99325e+03	2.06269e+03	2.57203e+03
5.44000e+02	1.95352e+03	2.08160e+03	1.96250e+03	2.01630e+03	2.07887e+03	2.56462e+03
5.45000e+02	1.99358e+03	2.08638e+03	1.97007e+03	2.09227e+03	2.14674e+03	2.52720e+03
5.46000e+02	1.96139e+03	2.07049e+03	1.94833e+03	2.05086e+03	2.07785e+03	2.56572e+03
5.47000e+02	1.94713e+03	2.08999e+03	1.94665e+03	2.04578e+03	2.10747e+03	2.54966e+03
5.48000e+02	1.95523e+03	2.07253e+03	1.97330e+03	1.98502e+03	2.05223e+03	2.58197e+03
5.49000e+02	1.94903e+03	2.07369e+03	1.96976e+03	1.98416e+03	2.04413e+03	2.59049e+03
5.50000e+02	1.97280e+03	2.09697e+03	1.95849e+03	2.07723e+03	2.14003e+03	2.53142e+03
5.51000e+02	1.94618e+03	2.09170e+03	1.94597e+03	2.04686e+03	2.10924e+03	2.54875e+03
5.52000e+02	1.94671e+03	2.09187e+03	1.95743e+03	2.02468e+03	2.09124e+03	2.56096e+03
5.53000e+02	1.94605e+03	2.08932e+03	1.95666e+03	2.02304e+03	2.08787e+03	2.55168e+03
5.54000e+02	1.96227e+03	2.11111e+03	1.95060e+03	2.08979e+03	2.16006e+03	2.49957e+03
5.55000e+02	1.97668e+03	2.04668e+03	1.94987e+03	2.05507e+03	2.05011e+03	2.58307e+03
5.56000e+02	1.94444e+03	2.08415e+03	1.95424e+03	2.01835e+03	2.07460e+03	2.57012e+03
5.57000e+02	1.96450e+03	2.08138e+03	1.94936e+03	2.06257e+03	2.10212e+03	2.54576e+03
5.58000e+02	1.96230e+03	2.09348e+03	1.95375e+03	2.05301e+03	2.12200e+03	2.55013e+03
5.59000e+02	1.95791e+03	2.08039e+03	1.95626e+03	2.02229e+03	2.07935e+03	2.57305e+03
5.60000e+02	1.95070e+03	2.08243e+03	1.96074e+03	2.01607e+03	2.08100e+03	2.56731e+03
5.61000e+02	1.92927e+03	2.03927e+03	1.93387e+03	1.96384e+03	1.95058e+03	2.64153e+03
5.62000e+02	1.95533e+03	2.04861e+03	2.07768e+03	1.87458e+03	1.96477e+03	2.67194e+03
5.63000e+02	1.96277e+03	2.04901e+03	2.09116e+03	1.87255e+03	1.97365e+03	2.66414e+03
5.64000e+02	1.95449e+03	2.04768e+03	2.07788e+03	1.87354e+03	1.96224e+03	2.67205e+03
5.65000e+02	1.95774e+03	2.04656e+03	2.07742e+03	1.87498e+03	1.96964e+03	2.66408e+03
5.66000e+02	1.95597e+03	2.05241e+03	2.04725e+03	1.89446e+03	1.97711e+03	2.64571e+03
5.67000e+02	1.95325e+03	2.04754e+03	2.07620e+03	1.87392e+03	1.96237e+03	2.66548e+03
5.68000e+02	1.95530e+03	2.04829e+03	2.07931e+03	1.87428e+03	1.96615e+03	2.66290e+03
5.69000e+02	1.94925e+03	2.04763e+03	2.07353e+03	1.87249e+03	1.95912e+03	2.66449e+03
5.70000e+02	1.95104e+03	2.08294e+03	1.96488e+03	2.01409e+03	2.07949e+03	2.57024e+03
5.71000e+02	1.95627e+03	2.04671e+03	2.07581e+03	1.87501e+03	1.96681e+03	2.66720e+03
5.72000e+02	1.95276e+03	2.04641e+03	2.07687e+03	1.87213e+03	1.96062e+03	2.66309e+03
5.73000e+02	1.94868e+03	2.08921e+03	1.94966e+03	2.04402e+03	2.10420e+03	2.55103e+03
5.74000e+02	1.95101e+03	2.04270e+03	2.10607e+03	1.85236e+03	1.95212e+03	2.68504e+03
5.75000e+02	1.94680e+03	2.05563e+03	2.03746e+03	1.89763e+03	1.97120e+03	2.65204e+03
5.76000e+02	1.95976e+03	2.05842e+03	2.06288e+03	1.88943e+03	1.97880e+03	2.65258e+03
5.77000e+02	1.95603e+03	2.05363e+03	2.04812e+03	1.89566e+03	1.97687e+03	2.64905e+03
5.78000e+02	1.95188e+03	2.03265e+03	2.00190e+03	1.91529e+03	1.97048e+03	2.64475e+03
5.79000e+02	1.95176e+03	2.05460e+03	2.04529e+03	1.89606e+03	1.97561e+03	2.64579e+03
5.80000e+02	1.95371e+03	2.05096e+03	2.04074e+03	1.89588e+03	1.97113e+03	2.65088e+03
5.81000e+02	1.96382e+03	2.05488e+03	2.05829e+03	1.89230e+03	1.98352e+03	2.64668e+03
5.82000e+02	1.95385e+03	2.04965e+03	2.04082e+03	1.89428e+03	1.97160e+03	2.64434e+03
5.83000e+02	1.96582e+03	2.06168e+03	2.07712e+03	1.88269e+03	1.98252e+03	2.65207e+03
5.84000e+02	1.95085e+03	2.05041e+03	2.03874e+03	1.89410e+03	1.96848e+03	2.64599e+03
5.85000e+02	1.96048e+03	2.04930e+03	2.08964e+03	1.87344e+03	1.97204e+03	2.66100e+03
5.86000e+02	1.95362e+03	2.05860e+03	2.05780e+03	1.88927e+03	1.97380e+03	2.64943e+03
5.87000e+02	1.95780e+03	2.05035e+03	2.09127e+03	1.86797e+03	1.96784e+03	2.65587e+03
5.88000e+02	1.95461e+03	2.05901e+03	2.06160e+03	1.88596e+03	1.97215e+03	2.65059e+03
5.89000e+02	1.95796e+03	2.05600e+03	2.05501e+03	1.89454e+03	1.97992e+03	2.65277e+03
5.90000e+02	1.95572e+03	2.05170e+03	2.04245e+03	1.89706e+03	1.97519e+03	2.64787e+03
5.91000e+02	1.95913e+03	2.05400e+03	2.05124e+03	1.89605e+03	1.98097e+03	2.65093e+03
5.92000e+02	1.95118e+03	2.05384e+03	2.04090e+03	1.89703e+03	1.97333e+03	2.64753e+03
5.93000e+02	1.95034e+03	2.05433e+03	2.04286e+03	1.89432e+03	1.96910e+03	2.65171e+03
5.94000e+02	1.96098e+03	2.05213e+03	2.04847e+03	1.89705e+03	1.98115e+03	2.65066e+03
5.95000e+02	1.96170e+03	2.04927e+03	2.04826e+03	1.89384e+03	1.97772e+03	2.65354e+03
5.96000e+02	1.95971e+03	2.04925e+03	2.04532e+03	1.89478e+03	1.97600e+03	2.65344e+03
5.97000e+02	1.94861e+03	2.05428e+03	2.04039e+03	1.89631e+03	1.97011e+03	2.64872e+03
5.98000e+02	1.95419e+03	2.04689e+03	2.07777e+03	1.87302e+03	1.96219e+03	2.66813e+03
5.99000e+02	1.97780e+03	1.99889e+03	2.08901e+03	1.85279e+03	1.96206e+03	2.67893e+03
6.00000e+02	1.94944e+03	2.05258e+03	2.04031e+03	1.89515e+03	1.96772e+03	2.65056e+03
6.01000e+02	1.96303e+03	2.05566e+03	2.11785e+03	1.85334e+03	1.96783e+03	2.65286e+03
6.02000e+02	1.96848e+03	2.03725e+03	2.14178e+03	1.83306e+03	1.96101e+03	2.67383e+03
6.03000e+02	1.97942e+03	2.04955e+03	2.19392e+03	1.81453e+03	1.96405e+03	2.68048e+03
6.04000e+02	1.97515e+03	2.04963e+03	2.17661e+03	1.82110e+03	1.96652e+03	2.68195e+03
6.05000e+02	1.90142e+03	2.08913e+03	2.05197e+03	1.85538e+03	1.93437e+03	2.59687e+03
6.06000e+02	1.96649e+03	2.01610e+03	2.08691e+03	1.85879e+03	1.95943e+03	2.67572e+03
6.07000e+02	1.94988e+03	2.05990e+03	2.10813e+03	1.85235e+03	1.95676e+03	2.66589e+03
6.08000e+02	1.98182e+03	2.01499e+03	2.13250e+03	1.83376e+03	1.96679e+03	2.67490e+03
6.09000e+02	1.97488e+03	2.01041e+03	2.11252e+03	1.83922e+03	1.95906e+03	2.67403e+03
6.10000e+02	1.97790e+03	2.00996e+03	2.11838e+03	1.83583e+03	1.96097e+03	2.67702e+03
6.11000e+02	1.95192e+03	2.04711e+03	2.07909e+03	1.87151e+03	1.96198e+03	2.65976e+03
6.12000e+02	1.95433e+03	2.06204e+03	2.11085e+03	1.85667e+03	1.96522e+03	2.66119e+03
6.13000e+02	1.95235e+03	2.04622e+03	2.07507e+03	1.87294e+03	1.96003e+03	2.66345e+03
6.14000e+02	1.95442e+03	2.04097e+03	2.11147e+03	1.85027e+03	1.95457e+03	2.67829e+03
6.15000e+02	1.95474e+03	2.05295e+03	2.04566e+03	1.89539e+03	1.97330e+03	2.65495e+03
6.16000e+02	1.95092e+03	2.05560e+03	2.05057e+03	1.89005e+03	1.97306e+03	2.64538e+03
6.17000e+02	1.96352e+03	2.02788e+03	2.11263e+03	1.84463e+03	1.95476e+03	2.68098e+03
6.18000e+02	1.95279e+03	2.05914e+03	2.10435e+03	1.85940e+03	1.96245e+03	2.66172e+03
6.19000e+02	1.95189e+03	2.04034e+03	2.10621e+03	1.85072e+03	1.94834e+03	2.68316e+03
6.20000e+02	1.95377e+03	2.06595e+03	2.07439e+03	1.87886e+03	1.97160e+03	2.64977e+03
6.21000e+02	1.95447e+03	2.05737e+03	2.14667e+03	1.83374e+03	1.95239e+03	2.68166e+03
6.22000e+02	1.96913e+03	2.05004e+03	2.15021e+03	1.83944e+03	1.96759e+03	2.67728e+03
6.23000e+02	1.96172e+03	2.07236e+03	2.09364e+03	1.87601e+03	1.98360e+03	2.65124e+03
6.24000e+02	1.96194e+03	2.01290e+03	2.08029e+03	1.85806e+03	1.95492e+03	2.66994e+03
6.25000e+02	1.96998e+03	2.02129e+03	2.10055e+03	1.85541e+03	1.96509e+03	2.68495e+03
6.26000e+02	1.95733e+03	2.06023e+03	2.06831e+03	1.88185e+03	1.97427e+03	2.64650e+03
6.27000e+02	1.95373e+03	2.05911e+03	2.10487e+03	1.85838e+03	1.96023e+03	2.67312e+03
6.28000e+02	1.96199e+03	2.06318e+03	2.12268e+03	1.85627e+03	1.97099e+03	2.66902e+03
6.29000e+02	1.96299e+03	2.05799e+03	2.18406e+03	1.81377e+03	1.95481e+03	2.68165e+03
6.30000e+02	1.96038e+03	2.05653e+03	2.10746e+03	1.86036e+03	1.96397e+03	2.67381e+03
6.31000e+02	1.96324e+03	2.01706e+03	2.09007e+03	1.85422e+03	1.95623e+03	2.67630e+03
6.32000e+02	1.96210e+03	2.08912e+03	2.13944e+03	1.85214e+03	1.98114e+03	2.65006e+03
6.33000e+02	1.95389e+03	2.06907e+03	2.08200e+03	1.87459e+03	1.97091e+03	2.64572e+03
6.34000e+02	1.95774e+03	2.07476e+03	2.10074e+03	1.86829e+03	1.97672e+03	2.64808e+03
6.35000e+02	1.96562e+03	2.01966e+03	2.09712e+03	1.85265e+03	1.95595e+03	2.67979e+03
6.36000e+02	1.95633e+03	2.04912e+03	2.08596e+03	1.86985e+03	1.96510e+03	2.66739e+03
6.37000e+02	1.96972e+03	2.01706e+03	2.09384e+03	1.85678e+03	1.96317e+03	2.67977e+03
6.38000e+02	1.96674e+03	2.00362e+03	2.08326e+03	1.84972e+03	1.95446e+03	2.67547e+03
6.39000e+02	1.96480e+03	2.05762e+03	2.11090e+03	1.86284e+03	1.97320e+03	2.67267e+03
6.40000e+02	1.96002e+03	2.04718e+03	2.08534e+03	1.87111e+03	1.96619e+03	2.66768e+03
6.41000e+02	1.96862e+03	2.03702e+03	2.13855e+03	1.83627e+03	1.96273e+03	2.68122e+03
6.42000e+02	1.96079e+03	2.05303e+03	2.10137e+03	1.86509e+03	1.96980e+03	2.66548e+03
6.43000e+02	1.97065e+03	1.99343e+03	2.06634e+03	1.85909e+03	1.95391e+03	2.68064e+03
6.44000e+02	1.95343e+03	2.06127e+03	2.11062e+03	1.85443e+03	1.96138e+03	2.66334e+03
6.45000e+02	1.96183e+03	2.04568e+03	2.08374e+03	1.87362e+03	1.96976e+03	2.66566e+03
6.46000e+02	1.98009e+03	2.02917e+03	2.13461e+03	1.84397e+03	1.97275e+03	2.67806e+03
6.47000e+02	1.96414e+03	2.07989e+03	2.15918e+03	1.84111e+03	1.97541e+03	2.66781e+03
6.48000e+02	1.97694e+03	1.99923e+03	2.08430e+03	1.85234e+03	1.95950e+03	2.68419e+03
6.49000e+02	1.96601e+03	2.05117e+03	2.10066e+03	1.86634e+03	1.97284e+03	2.66628e+03
6.50000e+02	1.95579e+03	2.08782e+03	2.17231e+03	1.83288e+03	1.96628e+03	2.66938e+03
6.51000e+02	1.96633e+03	2.02854e+03	2.12235e+03	1.83833e+03	1.95598e+03	2.67308e+03
6.52000e+02	1.95517e+03	2.04760e+03	2.08286e+03	1.86997e+03	1.96555e+03	2.66215e+03
6.53000e+02	1.95599e+03	2.05844e+03	2.06877e+03	1.87956e+03	1.96923e+03	2.64461e+03
6.54000e+02	1.96275e+03	2.07635e+03	2.11341e+03	1.86385e+03	1.98071e+03	2.64798e+03
6.55000e+02	1.97435e+03	2.07877e+03	2.17324e+03	1.84078e+03	1.98555e+03	2.66394e+03
6.56000e+02	1.96039e+03	2.01191e+03	2.07287e+03	1.86109e+03	1.95160e+03	2.67850e+03
6.57000e+02	1.96602e+03	2.06063e+03	2.12654e+03	1.85491e+03	1.97406e+03	2.66690e+03
6.58000e+02	1.97723e+03	2.02312e+03	2.12017e+03	1.84861e+03	1.96796e+03	2.68077e+03
6.59000e+02	1.96119e+03	2.04873e+03	2.09112e+03	1.87085e+03	1.96984e+03	2.66745e+03
6.60000e+02	1.97106e+03	1.99790e+03	2.08111e+03	1.85073e+03	1.95133e+03	2.67850e+03
6.61000e+02	1.98579e+03	2.04697e+03	2.18785e+03	1.82081e+03	1.97569e+03	2.67826e+03
6.62000e+02	1.98060e+03	1.98094e+03	2.04877e+03	1.87304e+03	1.96142e+03	2.67979e+03
6.63000e+02	1.96126e+03	2.03054e+03	2.11570e+03	1.84282e+03	1.95545e+03	2.68090e+03
6.64000e+02	1.96322e+03	2.03119e+03	2.12426e+03	1.83655e+03	1.95437e+03	2.67559e+03
6.65000e+02	1.95334e+03	2.07396e+03	2.13906e+03	1.84250e+03	1.95875e+03	2.66862e+03
6.66000e+02	1.96878e+03	1.98324e+03	2.04221e+03	1.87157e+03	1.95207e+03	2.68170e+03
6.67000e+02	1.96106e+03	2.03052e+03	2.11579e+03	1.84229e+03	1.95281e+03	2.68508e+03
6.68000e+02	1.97333e+03	2.08194e+03	2.23523e+03	1.80576e+03	1.97190e+03	2.67676e+03
6.69000e+02	1.95821e+03	2.06433e+03	2.12233e+03	1.85156e+03	1.96509e+03	2.66347e+03
6.70000e+02	1.95416e+03	2.06841e+03	2.12605e+03	1.84942e+03	1.96275e+03	2.66905e+03
6.71000e+02	1.96898e+03	1.99410e+03	2.06291e+03	1.86128e+03	1.95535e+03	2.68364e+03
6.72000e+02	1.96788e+03	2.03785e+03	2.14420e+03	1.83319e+03	1.96013e+03	2.67503e+03
6.73000e+02	1.95603e+03	2.06786e+03	2.08454e+03	1.87210e+03	1.97057e+03	2.65352e+03
6.74000e+02	1.97695e+03	2.09055e+03	2.16194e+03	1.84836e+03	1.99184e+03	2.65347e+03
6.75000e+02	1.95452e+03	2.03839e+03	2.10442e+03	1.85140e+03	1.95069e+03	2.68391e+03
6.76000e+02	1.97331e+03	1.98860e+03	2.06359e+03	1.86008e+03	1.95477e+03	2.68233e+03
6.77000e+02	1.95114e+03	2.03347e+03	2.00171e+03	1.91555e+03	1.96860e+03	2.65453e+03
6.78000e+02	1.94977e+03	2.05785e+03	2.05321e+03	1.88872e+03	1.96942e+03	2.64715e+03
6.79000e+02	1.96335e+03	2.08920e+03	2.14043e+03	1.85227e+03	1.98254e+03	2.65082e+03
6.80000e+02	1.96809e+03	2.04548e+03	2.15558e+03	1.82690e+03	1.96047e+03	2.68102e+03
6.81000e+02	1.96548e+03	2.11386e+03	2.09365e+03	1.88257e+03	1.99732e+03	2.61429e+03
6.82000e+02	1.96536e+03	2.05725e+03	2.06182e+03	1.89311e+03	1.98712e+03	2.65172e+03
6.83000e+02	1.97785e+03	2.02962e+03	2.12892e+03	1.84391e+03	1.96989e+03	2.68513e+03
6.84000e+02	1.96505e+03	2.02282e+03	2.10160e+03	1.85070e+03	1.95850e+03	2.67835e+03
6.85000e+02	1.95042e+03	2.03854e+03	2.10345e+03	1.84940e+03	1.94771e+03	2.67418e+03
6.86000e+02	1.97221e+03	2.06730e+03	2.14677e+03	1.85064e+03	1.98100e+03	2.66428e+03
6.87000e+02	1.95770e+03	2.03996e+03	2.11173e+03	1.85103e+03	1.95573e+03	2.68168e+03
6.88000e+02	1.96099e+03	2.05117e+03	2.09530e+03	1.86761e+03	1.96946e+03	2.66676e+03
6.89000e+02	1.97061e+03	2.03772e+03	2.14633e+03	1.83102e+03	1.96023e+03	2.67586e+03
6.90000e+02	1.95230e+03	2.04664e+03	2.07521e+03	1.87210e+03	1.96101e+03	2.66474e+03
6.91000e+02	1.95283e+03	2.05189e+03	2.08725e+03	1.86630e+03	1.96155e+03	2.66655e+03
6.92000e+02	1.95205e+03	2.04733e+03	2.08105e+03	1.86812e+03	1.96092e+03	2.65821e+03
6.93000e+02	1.95895e+03	2.06777e+03	2.12716e+03	1.85048e+03	1.96707e+03	2.66426e+03
6.94000e+02	1.94950e+03	2.06180e+03	2.10296e+03	1.85904e+03	1.96284e+03	2.66668e+03
6.95000e+02	1.95848e+03	2.06941e+03	2.13280e+03	1.85011e+03	1.96679e+03	2.66992e+03
6.96000e+02	1.97121e+03	2.04895e+03	2.09995e+03	1.87312e+03	1.98011e+03	2.67164e+03
6.97000e+02	1.93121e+03	2.03784e+03	2.02940e+03	1.86878e+03	1.94708e+03	2.60503e+03
6.98000e+02	1.95418e+03	2.04735e+03	2.08108e+03	1.87199e+03	1.96286e+03	2.66509e+03
6.99000e+02	1.95252e+03	2.08054e+03	1.96413e+03	2.01336e+03	2.07706e+03	2.57060e+03
7.00000e+02	1.95485e+03	2.04781e+03	2.04490e+03	1.89129e+03	1.96671e+03	2.65013e+03
7.01000e+02	1.94977e+03	2.05319e+03	2.04415e+03	1.89149e+03	1.96977e+03	2.64405e+03
7.02000e+02	1.95843e+03	2.04949e+03	2.04784e+03	1.89362e+03	1.97352e+03	2.64670e+03
7.03000e+02	1.95425e+03	2.04815e+03	2.07754e+03	1.87429e+03	1.96179e+03	2.67293e+03
7.04000e+02	1.96550e+03	2.05039e+03	2.05532e+03	1.89410e+03	1.98323e+03	2.64456e+03
7.05000e+02	1.95568e+03	2.04400e+03	2.07533e+03	1.87220e+03	1.96236e+03	2.66630e+03
7.06000e+02	1.96524e+03	2.04630e+03	2.08941e+03	1.87273e+03	1.97306e+03	2.66622e+03
7.07000e+02	1.95542e+03	2.04748e+03	2.08023e+03	1.87177e+03	1.96381e+03	2.66949e+03
7.08000e+02	1.95668e+03	2.04679e+03	2.07923e+03	1.87358e+03	1.96443e+03	2.66756e+03
7.09000e+02	1.95839e+03	2.07304e+03	1.98465e+03	1.98059e+03	2.05715e+03	2.58310e+03
7.10000e+02	1.95005e+03	2.05366e+03	2.04213e+03	1.89503e+03	1.97459e+03	2.64855e+03
7.11000e+02	1.95974e+03	2.05342e+03	2.05266e+03	1.89488e+03	1.97877e+03	2.65108e+03
7.12000e+02	1.96436e+03	2.05264e+03	2.06004e+03	1.89335e+03	1.98367e+03	2.64707e+03
7.13000e+02	1.95448e+03	2.08220e+03	1.96822e+03	2.01287e+03	2.08117e+03	2.57140e+03
7.14000e+02	1.95407e+03	2.05099e+03	2.04394e+03	1.89385e+03	1.97148e+03	2.65044e+03
7.15000e+02	1.95411e+03	2.07323e+03	2.13614e+03	1.84591e+03	1.96430e+03	2.66663e+03
7.16000e+02	1.95601e+03	2.05683e+03	2.10193e+03	1.86198e+03	1.96679e+03	2.66894e+03
7.17000e+02	1.97116e+03	2.01939e+03	2.10610e+03	1.84954e+03	1.95811e+03	2.67904e+03
7.18000e+02	1.95956e+03	2.01123e+03	2.07412e+03	1.85706e+03	1.94914e+03	2.67590e+03
7.19000e+02	1.92296e+03	2.01747e+03	2.08025e+03	1.82302e+03	1.90753e+03	2.68550e+03
7.20000e+02	1.95176e+03	2.06721e+03	2.12403e+03	1.84720e+03	1.95949e+03	2.66222e+03
7.21000e+02	1.96462e+03	2.08703e+03	2.13351e+03	1.85777e+03	1.98626e+03	2.64833e+03
7.22000e+02	1.95604e+03	2.06056e+03	2.11120e+03	1.85766e+03	1.96591e+03	2.66755e+03
7.23000e+02	1.96045e+03	2.07102e+03	2.13856e+03	1.84751e+03	1.96991e+03	2.66984e+03
7.24000e+02	1.95839e+03	2.07445e+03	2.10334e+03	1.86541e+03	1.97575e+03	2.64725e+03
7.25000e+02	1.96226e+03	2.08295e+03	2.12064e+03	1.86230e+03	1.98357e+03	2.64796e+03
7.26000e+02	1.95693e+03	2.07227e+03	2.09650e+03	1.86853e+03	1.97542e+03	2.64716e+03
7.27000e+02	1.97761e+03	2.00553e+03	2.10246e+03	1.84621e+03	1.96164e+03	2.68137e+03
7.28000e+02	1.96285e+03	2.11195e+03	2.13317e+03	1.85769e+03	1.98907e+03	2.63010e+03
7.29000e+02	1.89391e+03	2.29323e+03	2.12653e+03	1.82144e+03	1.99172e+03	2.36891e+03
7.30000e+02	1.81815e+03	2.04165e+03	1.92178e+03	1.84565e+03	1.83271e+03	2.56561e+03
7.31000e+02	1.85790e+03	2.02862e+03	1.86532e+03	1.96760e+03	1.97603e+03	2.35704e+03
7.32000e+02	1.86355e+03	2.01551e+03	1.97295e+03	1.84402e+03	1.87267e+03	2.55183e+03
7.33000e+02	1.97020e+03	2.10447e+03	2.12907e+03	1.86238e+03	1.99698e+03	2.62479e+03
7.34000e+02	1.96451e+03	2.08169e+03	1.97459e+03	2.01550e+03	2.09019e+03	2.57168e+03
7.35000e+02	1.95860e+03	2.08183e+03	1.96671e+03	2.01717e+03	2.08911e+03	2.56326e+03
7.36000e+02	1.95550e+03	2.07319e+03	1.97544e+03	1.98424e+03	2.05417e+03	2.58443e+03
7.37000e+02	1.96705e+03	2.13527e+03	1.97589e+03	2.06612e+03	2.20032e+03	2.49557e+03
7.38000e+02	1.95228e+03	2.08122e+03	1.96202e+03	2.01546e+03	2.08241e+03	2.56554e+03
7.39000e+02	1.94773e+03	2.09326e+03	1.94775e+03	2.04816e+03	2.11247e+03	2.54945e+03
7.40000e+02	1.94866e+03	2.09090e+03	1.94904e+03	2.04564e+03	2.11180e+03	2.54421e+03
7.41000e+02	1.96310e+03	2.06244e+03	1.96617e+03	2.00009e+03	2.04780e+03	2.60823e+03
7.42000e+02	1.95985e+03	2.08020e+03	1.96898e+03	2.01451e+03	2.08557e+03	2.56894e+03
7.43000e+02	1.97396e+03	2.08976e+03	1.95795e+03	2.07214e+03	2.13287e+03	2.53857e+03
7.44000e+02	1.95378e+03	2.08216e+03	1.96267e+03	2.01630e+03	2.08174e+03	2.57022e+03
7.45000e+02	1.95543e+03	2.07383e+03	1.97743e+03	1.98391e+03	2.05177e+03	2.58857e+03
7.46000e+02	1.95363e+03	2.08391e+03	1.96175e+03	2.01858e+03	2.08468e+03	2.55897e+03
7.47000e+02	1.97501e+03	2.07388e+03	1.95887e+03	2.05607e+03	2.09830e+03	2.56272e+03
7.48000e+02	1.95684e+03	2.08152e+03	1.96302e+03	2.01804e+03	2.08832e+03	2.56068e+03
7.49000e+02	1.94623e+03	2.08745e+03	1.95849e+03	2.01895e+03	2.08477e+03	2.56000e+03
7.50000e+02	1.96496e+03	2.12081e+03	1.97608e+03	2.05204e+03	2.17302e+03	2.50599e+03
7.51000e+02	1.95145e+03	2.08661e+03	1.96062e+03	2.02076e+03	2.08837e+03	2.55917e+03
7.52000e+02	1.95868e+03	2.07328e+03	1.97503e+03	1.98660e+03	2.05499e+03	2.58381e+03
7.53000e+02	1.97144e+03	2.07305e+03	1.99190e+03	1.98437e+03	2.06563e+03	2.58877e+03
7.54000e+02	1.96023e+03	2.07949e+03	1.96466e+03	2.01700e+03	2.08260e+03	2.57002e+03
7.55000e+02	1.95217e+03	2.08273e+03	1.96134e+03	2.01755e+03	2.08242e+03	2.56648e+03
7.56000e+02	1.96747e+03	2.12035e+03	1.97705e+03	2.05207e+03	2.17289e+03	2.51500e+03
7.57000e+02	1.97076e+03	2.11822e+03	1.98771e+03	2.02810e+03	2.15046e+03	2.51994e+03
7.58000e+02	1.96139e+03	2.08069e+03	1.96618e+03	2.01794e+03	2.08863e+03	2.56702e+03
7.59000e+02	1.94576e+03	2.09232e+03	1.94552e+03	2.04737e+03	2.10735e+03	2.55244e+03
7.60000e+02	1.95456e+03	2.09353e+03	1.96432e+03	2.02657e+03	2.10429e+03	2.55265e+03
7.61000e+02	1.97626e+03	2.13313e+03	1.96068e+03	2.11390e+03	2.22136e+03	2.47661e+03
7.62000e+02	1.95628e+03	2.10706e+03	1.95522e+03	2.06239e+03	2.14702e+03	2.52460e+03
7.63000e+02	1.95284e+03	2.08166e+03	1.96276e+03	2.01493e+03	2.07618e+03	2.57397e+03
7.64000e+02	1.94978e+03	2.08248e+03	1.95685e+03	2.01827e+03	2.08121e+03	2.56519e+03
7.65000e+02	1.94710e+03	2.09599e+03	1.95812e+03	2.02789e+03	2.10257e+03	2.54305e+03
7.66000e+02	1.95297e+03	2.07263e+03	1.97354e+03	1.98343e+03	2.05038e+03	2.58602e+03
7.67000e+02	1.94846e+03	2.08311e+03	1.95757e+03	2.01682e+03	2.07612e+03	2.56964e+03
7.68000e+02	1.94978e+03	2.09593e+03	1.95991e+03	2.02900e+03	2.10503e+03	2.54231e+03
7.69000e+02	1.96453e+03	2.12177e+03	1.97007e+03	2.05575e+03	2.16939e+03	2.51219e+03
7.70000e+02	1.98020e+03	2.06255e+03	1.95375e+03	2.07023e+03	2.08545e+03	2.55647e+03
7.71000e+02	1.98015e+03	2.04685e+03	1.95521e+03	2.05384e+03	2.05729e+03	2.58019e+03
7.72000e+02	1.95989e+03	2.08679e+03	1.96782e+03	2.02199e+03	2.09967e+03	2.55513e+03
7.73000e+02	1.95606e+03	2.12006e+03	1.97760e+03	2.02675e+03	2.14133e+03	2.51776e+03
7.74000e+02	1.95660e+03	2.08169e+03	1.96519e+03	2.01631e+03	2.08640e+03	2.56656e+03
7.75000e+02	1.94277e+03	2.03980e+03	1.95542e+03	1.97386e+03	1.98901e+03	2.64226e+03
7.76000e+02	1.95723e+03	2.08208e+03	1.97430e+03	1.99406e+03	2.07103e+03	2.56699e+03
7.77000e+02	1.96099e+03	2.12712e+03	1.96800e+03	2.05974e+03	2.17695e+03	2.49985e+03
7.78000e+02	1.95215e+03	2.07134e+03	1.97239e+03	1.98248e+03	2.04425e+03	2.58782e+03
7.79000e+02	1.95418e+03	2.10601e+03	1.97388e+03	2.01510e+03	2.11170e+03	2.53634e+03
7.80000e+02	1.94751e+03	2.08118e+03	1.95745e+03	2.01496e+03	2.07600e+03	2.56514e+03
7.81000e+02	1.95790e+03	2.10665e+03	1.96719e+03	2.03920e+03	2.13074e+03	2.53573e+03
7.82000e+02	1.94933e+03	2.08281e+03	1.95832e+03	2.01678e+03	2.07915e+03	2.56194e+03
7.83000e+02	1.94926e+03	2.08925e+03	1.95885e+03	2.02320e+03	2.09061e+03	2.55893e+03
7.84000e+02	1.95779e+03	2.07865e+03	1.94557e+03	2.05820e+03	2.09254e+03	2.54976e+03
7.85000e+02	1.95735e+03	2.09349e+03	1.96472e+03	2.02868e+03	2.10446e+03	2.55391e+03
7.86000e+02	1.96642e+03	2.07015e+03	1.95290e+03	2.05063e+03	2.08467e+03	2.56302e+03
7.87000e+02	1.96715e+03	2.07720e+03	1.95436e+03	2.05726e+03	2.09940e+03	2.56019e+03
7.88000e+02	1.94886e+03	2.08073e+03	1.95716e+03	2.01540e+03	2.07489e+03	2.56742e+03
7.89000e+02	1.96724e+03	2.08039e+03	1.97506e+03	2.01508e+03	2.09177e+03	2.56886e+03
7.90000e+02	1.96835e+03	2.07097e+03	1.95503e+03	2.05112e+03	2.08765e+03	2.56730e+03
7.91000e+02	1.94592e+03	2.08389e+03	1.95553e+03	2.01733e+03	2.07512e+03	2.57332e+03
7.92000e+02	1.95955e+03	2.11294e+03	1.96440e+03	2.04880e+03	2.14996e+03	2.52001e+03
7.93000e+02	1.95094e+03	2.08350e+03	1.96054e+03	2.01749e+03	2.07995e+03	2.57054e+03
7.94000e+02	1.96189e+03	2.11811e+03	1.96931e+03	2.05183e+03	2.16594e+03	2.50784e+03
7.95000e+02	1.95855e+03	2.09851e+03	1.96959e+03	2.03015e+03	2.11839e+03	2.54610e+03
7.96000e+02	1.95624e+03	2.09567e+03	1.96257e+03	2.03110e+03	2.11143e+03	2.54694e+03
7.97000e+02	1.95378e+03	2.09989e+03	1.96312e+03	2.03322e+03	2.11199e+03	2.54454e+03
7.98000e+02	1.96138e+03	2.07601e+03	1.94982e+03	2.05458e+03	2.09126e+03	2.55516e+03
7.99000e+02	1.95484e+03	2.11036e+03	1.96214e+03	2.04414e+03	2.13454e+03	2.53230e+03
8.00000e+02	1.94774e+03	2.08167e+03	1.95794e+03	2.01485e+03	2.07758e+03	2.56529e+03
8.01000e+02	1.96079e+03	2.08077e+03	1.97726e+03	1.99469e+03	2.07201e+03	2.57042e+03
8.02000e+02	1.96720e+03	2.07953e+03	1.98713e+03	1.99053e+03	2.07895e+03	2.56771e+03
8.03000e+02	1.95584e+03	2.08946e+03	1.96390e+03	2.02345e+03	2.09804e+03	2.55534e+03
8.04000e+02	1.95064e+03	2.09467e+03	1.96031e+03	2.02838e+03	2.10513e+03	2.54780e+03
8.05000e+02	1.95541e+03	2.12673e+03	1.96456e+03	2.05820e+03	2.16806e+03	2.50349e+03
8.06000e+02	1.95415e+03	2.09230e+03	1.96343e+03	2.02552e+03	2.10253e+03	2.55188e+03
8.07000e+02	1.95870e+03	2.08858e+03	1.96525e+03	2.02414e+03	2.10001e+03	2.55388e+03
8.08000e+02	1.95486e+03	2.08029e+03	1.96246e+03	2.01528e+03	2.08095e+03	2.56713e+03
8.09000e+02	1.94809e+03	2.09539e+03	1.95745e+03	2.02876e+03	2.10043e+03	2.54708e+03
8.10000e+02	1.95181e+03	2.08027e+03	1.96115e+03	2.01496e+03	2.07975e+03	2.56161e+03
8.11000e+02	1.95912e+03	2.02601e+03	1.94679e+03	2.00614e+03	1.99013e+03	2.63585e+03
8.12000e+02	1.95644e+03	2.08985e+03	2.13725e+03	1.85203e+03	1.97638e+03	2.64691e+03
8.13000e+02	1.96793e+03	2.07765e+03	2.16205e+03	1.84100e+03	1.97575e+03	2.67672e+03
8.14000e+02	1.96303e+03	2.07375e+03	2.15228e+03	1.84197e+03	1.96984e+03	2.67066e+03
8.15000e+02	1.96520e+03	2.06645e+03	2.09296e+03	1.87659e+03	1.98298e+03	2.65098e+03
8.16000e+02	1.96366e+03	2.04188e+03	2.15051e+03	1.82693e+03	1.95383e+03	2.67853e+03
8.17000e+02	1.95241e+03	2.04945e+03	2.08244e+03	1.87024e+03	1.96070e+03	2.66801e+03
8.18000e+02	1.96904e+03	2.04007e+03	2.14823e+03	1.83199e+03	1.96390e+03	2.67755e+03
8.19000e+02	1.96939e+03	2.02145e+03	2.10550e+03	1.85021e+03	1.95854e+03	2.67973e+03
8.20000e+02	1.97326e+03	1.99765e+03	2.07623e+03	1.85591e+03	1.95810e+03	2.67958e+03
8.21000e+02	1.96330e+03	2.04636e+03	2.09062e+03	1.87140e+03	1.97105e+03	2.66497e+03
8.22000e+02	1.96967e+03	2.05659e+03	2.19416e+03	1.81075e+03	1.96263e+03	2.67065e+03
8.23000e+02	1.97063e+03	2.01008e+03	2.10137e+03	1.84399e+03	1.95705e+03	2.68556e+03
8.24000e+02	1.96755e+03	2.02867e+03	2.12057e+03	1.84229e+03	1.96072e+03	2.67732e+03
8.25000e+02	1.95859e+03	2.06792e+03	2.08520e+03	1.87492e+03	1.97690e+03	2.65271e+03
8.26000e+02	1.95977e+03	2.04825e+03	2.09049e+03	1.86843e+03	1.96771e+03	2.66145e+03
8.27000e+02	1.97164e+03	2.02317e+03	2.10953e+03	1.85015e+03	1.96499e+03	2.68097e+03
8.28000e+02	1.95575e+03	2.06041e+03	2.11460e+03	1.85390e+03	1.96384e+03	2.66243e+03
8.29000e+02	1.95643e+03	2.05660e+03	2.09850e+03	1.86365e+03	1.96692e+03	2.66718e+03
8.30000e+02	1.95963e+03	2.08228e+03	2.12364e+03	1.85694e+03	1.97865e+03	2.64551e+03
8.31000e+02	1.96773e+03	2.03708e+03	2.13809e+03	1.83465e+03	1.95833e+03	2.68316e+03
8.32000e+02	1.95543e+03	2.07726e+03	2.14643e+03	1.84116e+03	1.96577e+03	2.66970e+03
8.33000e+02	1.95648e+03	2.08429e+03	2.11676e+03	1.86231e+03	1.97873e+03	2.65098e+03
8.34000e+02	1.95350e+03	2.07627e+03	2.14496e+03	1.84065e+03	1.96437e+03	2.66073e+03
8.35000e+02	1.96459e+03	2.03204e+03	2.12129e+03	1.84020e+03	1.95722e+03	2.68246e+03
8.36000e+02	1.96713e+03	2.00580e+03	2.09298e+03	1.84477e+03	1.95307e+03	2.67782e+03
8.37000e+02	1.97863e+03	2.00682e+03	2.10530e+03	1.84704e+03	1.96322e+03	2.68331e+03
8.38000e+02	1.98229e+03	2.03885e+03	2.16553e+03	1.82911e+03	1.97155e+03	2.67974e+03
8.39000e+02	1.95586e+03	2.05844e+03	2.06423e+03	1.88438e+03	1.97416e+03	2.64860e+03
8.40000e+02	1.96378e+03	2.04564e+03	2.15703e+03	1.82376e+03	1.95479e+03	2.67867e+03
8.41000e+02	1.95374e+03	2.04744e+03	2.08021e+03	1.87130e+03	1.96161e+03	2.66841e+03
8.42000e+02	1.96838e+03	2.00484e+03	2.09191e+03	1.84481e+03	1.95318e+03	2.67732e+03
8.43000e+02	1.97798e+03	1.99427e+03	2.07481e+03	1.85876e+03	1.96107e+03	2.67995e+03
8.44000e+02	1.97445e+03	2.02499e+03	2.14758e+03	1.82316e+03	1.95814e+03	2.67869e+03
8.45000e+02	1.95711e+03	2.05542e+03	2.05624e+03	1.88905e+03	1.97566e+03	2.64619e+03
8.46000e+02	1.95320e+03	2.04832e+03	2.08434e+03	1.86672e+03	1.96058e+03	2.66378e+03
8.47000e+02	1.99591e+03	1.99727e+03	2.13801e+03	1.82686e+03	1.96981e+03	2.67795e+03
8.48000e+02	1.95074e+03	2.03931e+03	2.10556e+03	1.85000e+03	1.95114e+03	2.67625e+03
8.49000e+02	1.95457e+03	2.09121e+03	1.96411e+03	2.02472e+03	2.09947e+03	2.55587e+03
8.50000e+02	1.94799e+03	2.10712e+03	1.96074e+03	2.03695e+03	2.12770e+03	2.52318e+03
8.51000e+02	1.95457e+03	2.09249e+03	1.96404e+03	2.02543e+03	2.09954e+03	2.55969e+03
8.52000e+02	1.95822e+03	2.08267e+03	1.96577e+03	2.01774e+03	2.08904e+03	2.56293e+03
8.53000e+02	1.96518e+03	2.07191e+03	1.95312e+03	2.05135e+03	2.08726e+03	2.56122e+03
8.54000e+02	1.96119e+03	2.08477e+03	1.95097e+03	2.06317e+03	2.10983e+03	2.53925e+03
8.55000e+02	1.95594e+03	2.08228e+03	1.96530e+03	2.01600e+03	2.08529e+03	2.56502e+03
8.56000e+02	1.95033e+03	2.08720e+03	1.96965e+03	1.99805e+03	2.07544e+03	2.55633e+03
8.57000e+02	1.97303e+03	2.08976e+03	1.96315e+03	2.06725e+03	2.13062e+03	2.53900e+03
8.58000e+02	1.95346e+03	2.11669e+03	1.96276e+03	2.04820e+03	2.14680e+03	2.51064e+03
8.59000e+02	1.94861e+03	2.08245e+03	1.95904e+03	2.01573e+03	2.07684e+03	2.56933e+03
8.60000e+02	1.95855e+03	2.11539e+03	1.96564e+03	2.04916e+03	2.14927e+03	2.51978e+03
8.61000e+02	1.95763e+03	2.08150e+03	1.96572e+03	2.01650e+03	2.08217e+03	2.57327e+03
8.62000e+02	1.95681e+03	2.10223e+03	1.96488e+03	2.03600e+03	2.12327e+03	2.53729e+03
8.63000e+02	1.95351e+03	2.08164e+03	1.96342e+03	2.01497e+03	2.07866e+03	2.57219e+03
8.64000e+02	1.95933e+03	2.08073e+03	1.96329e+03	2.01831e+03	2.08550e+03	2.56962e+03
8.65000e+02	1.96616e+03	2.08955e+03	1.96306e+03	2.04615e+03	2.12267e+03	2.55230e+03
8.66000e+02	1.96651e+03	2.08708e+03	1.95556e+03	2.06579e+03	2.12047e+03	2.53670e+03
8.67000e+02	1.97193e+03	2.08025e+03	1.95863e+03	2.06092e+03	2.11178e+03	2.54667e+03
8.68000e+02	1.95805e+03	2.12698e+03	1.95411e+03	2.08222e+03	2.18629e+03	2.49901e+03
8.69000e+02	1.96318e+03	2.08411e+03	1.97167e+03	2.01828e+03	2.09337e+03	2.56892e+03
8.70000e+02	1.95465e+03	2.07938e+03	1.96395e+03	2.01306e+03	2.07878e+03	2.56434e+03
8.71000e+02	1.94889e+03	2.09070e+03	1.94876e+03	2.04574e+03	2.10927e+03	2.54835e+03
8.72000e+02	1.95215e+03	2.10208e+03	1.97139e+03	2.01136e+03	2.10214e+03	2.53701e+03
8.73000e+02	1.95374e+03	2.09036e+03	1.95332e+03	2.04540e+03	2.11097e+03	2.55142e+03
8.74000e+02	1.95526e+03	2.09790e+03	1.96286e+03	2.03194e+03	2.11627e+03	2.53797e+03
8.75000e+02	1.96952e+03	2.07144e+03	1.95373e+03	2.05338e+03	2.08856e+03	2.56621e+03
8.76000e+02	1.95653e+03	2.08985e+03	1.95350e+03	2.04623e+03	2.11369e+03	2.54773e+03
8.77000e+02	1.95312e+03	2.08489e+03	1.97216e+03	1.99546e+03	2.07098e+03	2.56648e+03
8.78000e+02	1.95586e+03	2.10125e+03	1.97782e+03	2.00876e+03	2.10600e+03	2.54536e+03
8.79000e+02	1.97106e+03	2.04996e+03	1.94983e+03	2.05438e+03	2.05126e+03	2.58228e+03
8.80000e+02	1.95470e+03	2.08537e+03	1.97361e+03	1.99629e+03	2.07402e+03	2.56277e+03
8.81000e+02	1.95118e+03	2.09077e+03	1.95118e+03	2.04574e+03	2.11147e+03	2.54554e+03
8.82000e+02	1.94474e+03	2.04922e+03	1.96500e+03	1.96203e+03	1.99740e+03	2.62053e+03
8.83000e+02	1.95716e+03	2.06011e+03	2.05335e+03	1.89455e+03	1.98138e+03	2.64406e+03
8.84000e+02	1.95717e+03	2.07404e+03	1.98380e+03	1.97462e+03	2.04867e+03	2.58335e+03
8.85000e+02	1.95197e+03	2.05793e+03	2.04203e+03	1.89478e+03	1.97431e+03	2.64529e+03
8.86000e+02	1.94570e+03	2.05399e+03	1.97075e+03	1.95552e+03	1.99965e+03	2.60848e+03
8.87000e+02	1.95273e+03	2.07153e+03	1.97271e+03	1.98314e+03	2.04291e+03	2.59213e+03
8.88000e+02	1.95837e+03	2.04787e+03	1.98162e+03	1.95902e+03	2.00747e+03	2.62234e+03
8.89000e+02	1.95929e+03	2.06818e+03	2.05893e+03	1.89375e+03	1.98598e+03	2.63453e+03
8.90000e+02	1.95796e+03	2.05322e+03	1.98387e+03	1.95710e+03	2.01270e+03	2.61600e+03
8.91000e+02	1.95675e+03	2.05907e+03	2.05183e+03	1.89203e+03	1.97443e+03	2.65109e+03
8.92000e+02	1.94848e+03	2.02810e+03	2.03230e+03	1.89154e+03	1.95804e+03	2.66378e+03
8.93000e+02	1.94353e+03	2.03604e+03	1.99398e+03	1.91654e+03	1.96490e+03	2.64687e+03
8.94000e+02	1.95342e+03	2.05280e+03	2.04566e+03	1.89485e+03	1.97553e+03	2.65127e+03
8.95000e+02	1.95842e+03	2.05091e+03	2.04944e+03	1.89387e+03	1.97829e+03	2.64574e+03
8.96000e+02	1.96302e+03	2.08115e+03	2.09629e+03	1.87469e+03	1.98700e+03	2.63757e+03
8.97000e+02	1.95059e+03	2.03393e+03	2.00112e+03	1.91578e+03	1.97167e+03	2.65261e+03
8.98000e+02	1.94871e+03	2.04783e+03	1.97111e+03	1.95957e+03	1.99953e+03	2.61897e+03
8.99000e+02	1.95250e+03	2.04204e+03	2.00712e+03	1.91429e+03	1.97632e+03	2.63899e+03
9.00000e+02	1.94469e+03	2.04988e+03	1.97063e+03	1.95952e+03	1.99921e+03	2.62042e+03
9.01000e+02	1.95392e+03	2.06194e+03	2.05449e+03	1.88915e+03	1.97512e+03	2.64433e+03
9.02000e+02	1.94690e+03	2.06016e+03	2.03828e+03	1.89372e+03	1.97025e+03	2.63960e+03
9.03000e+02	1.94647e+03	2.04982e+03	1.96506e+03	1.96179e+03	1.99356e+03	2.62002e+03
9.04000e+02	1.94961e+03	2.07584e+03	1.97280e+03	1.97511e+03	2.04087e+03	2.57975e+03
9.05000e+02	1.95114e+03	2.06203e+03	2.04653e+03	1.89509e+03	1.97628e+03	2.64359e+03
9.06000e+02	1.95729e+03	2.03467e+03	2.01484e+03	1.91249e+03	1.97984e+03	2.64417e+03
9.07000e+02	1.95617e+03	2.07011e+03	2.05421e+03	1.89276e+03	1.98019e+03	2.63673e+03
9.08000e+02	1.95728e+03	2.07045e+03	1.97986e+03	1.97747e+03	2.04481e+03	2.58686e+03
9.09000e+02	1.95741e+03	2.06653e+03	2.05443e+03	1.89324e+03	1.98221e+03	2.63444e+03
9.10000e+02	1.93307e+03	2.03887e+03	1.98235e+03	1.91516e+03	1.95370e+03	2.64330e+03
9.11000e+02	1.95588e+03	2.08237e+03	1.96509e+03	2.01612e+03	2.08453e+03	2.56887e+03
9.12000e+02	1.97093e+03	2.09315e+03	1.95558e+03	2.07465e+03	2.13386e+03	2.52618e+03
9.13000e+02	1.95944e+03	2.08112e+03	1.96631e+03	2.01674e+03	2.08573e+03	2.56848e+03
9.14000e+02	1.94292e+03	2.08999e+03	1.94267e+03	2.04488e+03	2.10147e+03	2.54781e+03
9.15000e+02	1.96722e+03	2.08543e+03	1.95567e+03	2.06481e+03	2.11571e+03	2.54003e+03
9.16000e+02	1.95358e+03	2.10430e+03	1.95358e+03	2.05871e+03	2.14211e+03	2.52251e+03
9.17000e+02	1.96719e+03	2.09004e+03	1.97522e+03	2.02420e+03	2.11264e+03	2.55151e+03
9.18000e+02	1.95117e+03	2.07752e+03	1.97112e+03	1.98868e+03	2.05523e+03	2.57452e+03
9.19000e+02	1.94824e+03	2.04424e+03	1.94849e+03	2.00120e+03	2.01774e+03	2.61789e+03
9.20000e+02	1.95407e+03	2.08101e+03	1.96304e+03	2.01521e+03	2.08240e+03	2.56583e+03
9.21000e+02	1.95142e+03	2.10706e+03	1.97108e+03	2.01522e+03	2.11015e+03	2.52877e+03
9.22000e+02	1.94668e+03	2.08783e+03	1.94686e+03	2.04270e+03	2.10199e+03	2.54611e+03
9.23000e+02	1.95061e+03	2.08917e+03	1.95027e+03	2.04448e+03	2.10628e+03	2.54935e+03
9.24000e+02	1.95463e+03	2.07910e+03	1.98254e+03	1.97182e+03	2.04809e+03	2.57646e+03
9.25000e+02	1.95203e+03	2.06985e+03	2.12654e+03	1.84845e+03	1.96067e+03	2.66606e+03
9.26000e+02	2.10918e+03	1.90981e+03	1.95550e+03	2.02885e+03	1.95124e+03	2.67811e+03
9.27000e+02	1.94947e+03	2.08128e+03	1.95930e+03	2.01495e+03	2.07643e+03	2.56648e+03
9.28000e+02	1.96674e+03	2.07951e+03	1.97959e+03	2.01163e+03	2.09284e+03	2.56888e+03
9.29000e+02	1.95542e+03	2.11249e+03	1.96640e+03	2.04370e+03	2.13943e+03	2.52276e+03
9.30000e+02	2.10959e+03	1.92501e+03	1.95908e+03	2.06841e+03	1.97834e+03	2.65313e+03
9.31000e+02	1.95495e+03	2.07648e+03	1.97372e+03	1.98819e+03	2.05787e+03	2.57224e+03
9.32000e+02	1.95518e+03	2.03961e+03	2.10804e+03	1.85141e+03	1.95446e+03	2.68209e+03
9.33000e+02	1.96018e+03	2.08209e+03	1.96948e+03	2.01595e+03	2.09020e+03	2.56482e+03
9.34000e+02	1.95548e+03	2.08129e+03	1.96503e+03	2.01525e+03	2.08591e+03	2.56362e+03
9.35000e+02	1.95696e+03	2.08154e+03	1.96733e+03	2.01475e+03	2.08457e+03	2.56633e+03
9.36000e+02	1.95241e+03	2.08014e+03	1.96072e+03	2.01472e+03	2.07740e+03	2.56659e+03
9.37000e+02	1.96122e+03	2.09417e+03	2.19979e+03	1.81941e+03	1.96839e+03	2.66669e+03
9.38000e+02	1.95046e+03	2.08052e+03	1.96103e+03	2.01366e+03	2.07796e+03	2.56189e+03
9.39000e+02	1.95557e+03	2.08029e+03	2.10959e+03	1.86154e+03	1.97282e+03	2.65642e+03
9.40000e+02	1.95835e+03	2.06897e+03	1.97728e+03	1.98101e+03	2.04842e+03	2.58321e+03
9.41000e+02	1.95515e+03	2.08647e+03	1.96817e+03	2.01824e+03	2.09345e+03	2.55728e+03
9.42000e+02	1.97215e+03	2.08193e+03	1.95175e+03	2.08606e+03	2.11696e+03	2.52433e+03
9.43000e+02	1.94976e+03	2.07956e+03	1.96012e+03	2.01315e+03	2.07191e+03	2.56664e+03
9.44000e+02	1.95034e+03	2.08082e+03	1.96047e+03	2.01418e+03	2.07625e+03	2.56964e+03
9.45000e+02	1.96725e+03	2.20682e+03	1.97749e+03	2.13284e+03	2.34917e+03	2.39663e+03
9.46000e+02	1.98070e+03	2.06189e+03	1.96270e+03	2.06401e+03	2.08487e+03	2.55898e+03
9.47000e+02	1.96789e+03	2.12223e+03	1.95760e+03	2.10016e+03	2.19221e+03	2.48084e+03
9.48000e+02	1.96238e+03	2.07863e+03	2.16223e+03	1.83815e+03	1.97242e+03	2.67000e+03
9.49000e+02	1.95591e+03	1.99614e+03	1.98858e+03	1.92078e+03	1.95108e+03	2.67876e+03
9.50000e+02	1.95783e+03	2.10801e+03	1.97577e+03	2.01766e+03	2.11819e+03	2.53128e+03
9.51000e+02	1.95590e+03	2.09296e+03	1.97531e+03	2.00301e+03	2.08809e+03	2.55152e+03
9.52000e+02	1.95036e+03	2.09364e+03	1.95924e+03	2.02728e+03	2.11749e+03	2.54809e+03
9.53000e+02	1.95301e+03	2.06583e+03	1.98139e+03	1.94966e+03	2.01666e+03	2.59672e+03
9.54000e+02	1.95543e+03	2.10583e+03	1.98069e+03	1.99099e+03	2.09339e+03	2.53899e+03
9.55000e+02	1.95970e+03	2.10135e+03	1.97732e+03	2.01170e+03	2.10622e+03	2.54693e+03
9.56000e+02	1.96928e+03	2.10418e+03	1.97678e+03	2.03843e+03	2.14614e+03	2.52874e+03
9.57000e+02	1.96561e+03	2.08219e+03	1.97294e+03	2.01763e+03	2.09528e+03	2.56811e+03
9.58000e+02	1.95896e+03	2.07046e+03	1.97304e+03	1.98581e+03	2.05097e+03	2.58776e+03
9.59000e+02	1.96160e+03	2.07668e+03	1.98138e+03	1.98022e+03	2.05588e+03	2.58389e+03
9.60000e+02	1.95782e+03	2.04785e+03	1.97456e+03	1.96313e+03	2.00786e+03	2.61896e+03
9.61000e+02	1.96583e+03	2.08913e+03	1.98798e+03	1.99651e+03	2.08894e+03	2.56271e+03
9.62000e+02	1.95255e+03	2.04884e+03	1.96870e+03	1.96418e+03	2.00390e+03	2.62438e+03
9.63000e+02	1.96168e+03	2.08507e+03	1.98057e+03	1.99074e+03	2.07332e+03	2.57148e+03
9.64000e+02	1.96630e+03	2.11651e+03	1.98295e+03	2.02327e+03	2.14077e+03	2.51657e+03
9.65000e+02	1.96331e+03	2.18700e+03	1.98412e+03	2.10602e+03	2.30397e+03	2.42421e+03
9.66000e+02	1.95491e+03	2.06926e+03	1.96348e+03	1.98838e+03	2.03565e+03	2.58173e+03
9.67000e+02	1.98110e+03	1.98554e+03	2.05648e+03	1.87235e+03	1.97122e+03	2.67855e+03
9.68000e+02	1.97265e+03	1.98870e+03	2.05340e+03	1.86893e+03	1.96269e+03	2.67804e+03
9.69000e+02	1.95168e+03	2.03316e+03	2.00515e+03	1.91334e+03	1.96788e+03	2.65409e+03
9.70000e+02	1.95780e+03	2.05126e+03	2.05096e+03	1.89322e+03	1.97599e+03	2.65356e+03
9.71000e+02	1.96220e+03	2.11680e+03	1.96827e+03	1.93946e+03	1.80052e+03	2.57576e+03
9.72000e+02	1.95759e+03	2.11440e+03	1.97896e+03	2.02109e+03	2.12886e+03	2.52868e+03
9.73000e+02	1.96630e+03	2.11281e+03	1.99111e+03	2.01065e+03	2.13166e+03	2.52227e+03
9.74000e+02	2.00051e+03	2.52986e+03	1.99055e+03	2.48611e+03	3.27317e+03	2.09741e+03
9.75000e+02	1.94410e+03	2.08091e+03	2.15813e+03	1.83756e+03	1.95603e+03	2.66255e+03
9.76000e+02	2.12934e+03	1.80262e+03	2.13155e+03	1.68279e+03	2.00945e+03	2.68276e+03
9.77000e+02	2.90789e+03	3.60859e+03	2.47414e+03	2.93455e+03	5.11810e+03	5.38892e+03
9.78000e+02	2.84043e+03	1.78001e+03	2.00211e+03	2.71812e+03	2.16929e+03	2.43646e+03
9.79000e+02	2.00873e+03	2.37658e+03	1.97206e+03	2.37236e+03	2.68754e+03	2.20193e+03
9.80000e+02	1.98925e+03	2.48342e+03	2.02944e+03	2.30495e+03	2.89080e+03	2.14621e+03
9.81000e+02	2.69709e+03	1.75692e+03	1.99256e+03	2.53964e+03	2.12108e+03	2.48192e+03
9.82000e+02	2.00042e+03	2.45717e+03	3.08691e+03	1.70377e+03	2.04392e+03	2.66463e+03
9.83000e+02	1.92597e+03	2.48677e+03	2.00553e+03	2.35007e+03	3.08354e+03	2.13248e+03
9.84000e+02	1.99124e+03	2.18482e+03	1.96640e+03	2.19279e+03	2.34766e+03	2.38842e+03
9.85000e+02	2.02696e+03	2.76116e+03	2.15726e+03	1.92858e+03	2.26498e+03	2.29175e+03
9.86000e+02	1.93208e+03	2.58886e+03	2.29079e+03	1.87595e+03	2.19292e+03	2.37734e+03
9.87000e+02	1.95920e+03	2.06901e+03	2.08191e+03	1.87698e+03	1.97982e+03	2.64826e+03
9.88000e+02	1.95653e+03	2.11862e+03	1.96947e+03	2.02347e+03	2.07372e+03	2.52736e+03
9.89000e+02	1.96852e+03	2.14089e+03	2.00097e+03	2.00864e+03	2.13378e+03	2.49450e+03
9.90000e+02	1.95118e+03	2.05934e+03	1.95750e+03	1.99664e+03	2.03805e+03	2.60106e+03
9.91000e+02	2.67060e+03	1.72120e+03	2.00267e+03	2.19414e+03	1.98154e+03	2.69090e+03
9.92000e+02	1.95850e+03	2.16219e+03	1.96185e+03	2.14001e+03	2.12456e+03	2.43281e+03
9.93000e+02	1.57253e+03	2.00152e+03	1.58475e+03	1.96026e+03	1.59200e+03	2.66340e+03
9.94000e+02	1.85756e+03	2.02621e+03	1.83168e+03	1.95464e+03	1.83647e+03	2.68766e+03
9.95000e+02	4.09964e+03	1.79916e+03	2.03085e+03	2.64449e+03	2.02318e+03	2.81697e+03
9.96000e+02	1.96579e+03	2.10364e+03	2.05151e+03	1.97113e+03	1.93082e+03	2.54660e+03
9.97000e+02	2.02595e+03	2.72574e+03	2.37098e+03	1.89154e+03	2.27550e+03	2.31573e+03
9.98000e+02	1.99470e+03	2.25133e+03	2.04521e+03	2.01473e+03	2.25973e+03	2.43136e+03
9.99000e+02	1.96679e+03	2.35268e+03	2.10117e+03	2.10274e+03	2.44961e+03	2.31866e+03
1.00000e+03	2.99060e+03	3.12436e+03	5.40435e+03	5.39645e+03	3.01701e+03	2.95465e+03
1.00100e+03	2.01782e+03	2.06849e+03	1.97467e+03	2.23379e+03	2.18385e+03	2.44719e+03
1.00200e+03	1.98756e+03	2.41105e+03	2.07676e+03	2.02687e+03	2.33169e+03	2.34270e+03
1.00300e+03	2.00180e+03	2.55286e+03	2.20980e+03	1.95000e+03	2.24648e+03	2.35071e+03
1.00400e+03	2.01597e+03	2.90356e+03	2.03041e+03	3.10750e+03	3.48312e+03	1.89929e+03
1.00500e+03	1.96224e+03	2.23059e+03	2.02379e+03	2.06096e+03	2.29810e+03	2.41036e+03
1.00600e+03	2.00135e+03	2.38343e+03	1.97985e+03	2.38937e+03	2.83866e+03	2.19029e+03
1.00700e+03	2.13375e+03	1.98599e+03	2.00105e+03	2.42538e+03	1.65165e+03	2.40536e+03
1.00800e+03	1.92584e+03	2.42433e+03	3.38199e+03	1.73629e+03	2.00995e+03	2.75716e+03
1.00900e+03	2.00106e+03	2.68394e+03	2.03489e+03	2.52225e+03	3.72560e+03	2.01453e+03
1.01000e+03	2.21744e+03	2.18393e+03	2.01772e+03	2.93257e+03	2.57137e+03	2.10996e+03
1.01100e+03	1.98182e+03	2.86544e+03	4.94512e+03	1.81765e+03	2.04214e+03	2.82178e+03
1.01200e+03	1.99385e+03	2.44692e+03	2.23207e+03	1.89475e+03	2.14955e+03	2.42098e+03
1.01300e+03	1.93610e+03	2.19165e+03	2.25817e+03	1.80019e+03	2.05251e+03	2.60878e+03
1.01400e+03	1.97957e+03	2.12834e+03	2.02956e+03	1.95225e+03	2.04669e+03	2.55720e+03
1.01500e+03	2.03144e+03	2.58535e+03	3.86266e+03	1.76367e+03	2.02114e+03	2.78701e+03
1.01600e+03	2.03008e+03	2.84382e+03	5.00596e+03	1.81503e+03	2.03052e+03	2.84185e+03
1.01700e+03	1.79898e+03	3.37085e+03	2.21878e+03	2.64690e+03	4.71442e+03	1.94555e+03
1.01800e+03	3.43190e+03	1.76836e+03	2.00116e+03	2.54820e+03	2.02992e+03	2.71618e+03
1.01900e+03	3.01429e+03	3.38324e+03	5.42016e+03	5.39790e+03	3.36764e+03	2.89011e+03
1.02000e+03	3.00774e+03	3.12407e+03	5.40710e+03	5.39634e+03	3.04318e+03	2.92559e+03
1.02100e+03	2.02626e+03	2.77610e+03	4.33121e+03	1.79460e+03	2.04860e+03	2.77277e+03
1.02200e+03	2.73351e+03	3.08312e+03	2.79046e+03	2.91391e+03	5.43031e+03	5.41968e+03
1.02300e+03	2.02903e+03	2.82539e+03	4.61555e+03	1.80338e+03	2.04591e+03	2.78992e+03
1.02400e+03	2.01265e+03	2.84204e+03	2.04617e+03	2.64953e+03	4.47817e+03	1.93134e+03
