1.00000e+00	2.52525e+03	2.24215e+03	2.49377e+03	2.21729e+03
2.00000e+00	3.24149e+03	2.92398e+03	2.98507e+03	2.67380e+03
3.00000e+00	3.15457e+03	3.00601e+03	3.25733e+03	2.72232e+03
4.00000e+00	2.87563e+03	3.21543e+03	3.65631e+03	2.67738e+03
5.00000e+00	2.67237e+03	2.98686e+03	2.46670e+03	2.91036e+03
6.00000e+00	2.43506e+03	3.24149e+03	2.85850e+03	3.19659e+03
7.00000e+00	3.41131e+03	4.01606e+03	3.91937e+03	3.17316e+03
8.00000e+00	2.50000e+03	3.29218e+03	2.83186e+03	3.13480e+03
9.00000e+00	2.53165e+03	3.19489e+03	2.83733e+03	3.12717e+03
1.00000e+01	3.16957e+03	4.43853e+03	4.21230e+03	3.00391e+03
1.10000e+01	2.59924e+03	3.00629e+03	2.72008e+03	2.90928e+03
1.20000e+01	2.55319e+03	2.93255e+03	2.63910e+03	2.85850e+03
1.30000e+01	2.83471e+03	4.61812e+03	4.36095e+03	3.06893e+03
1.40000e+01	2.64600e+03	3.00494e+03	2.72586e+03	2.89436e+03
1.50000e+01	2.68577e+03	2.87853e+03	2.67714e+03	2.80479e+03
1.60000e+01	2.82536e+03	3.85914e+03	3.66552e+03	2.95803e+03
1.70000e+01	2.67170e+03	2.93053e+03	2.68775e+03	2.83996e+03
1.80000e+01	2.66469e+03	2.98706e+03	2.73764e+03	2.89343e+03
1.90000e+01	2.83836e+03	3.81986e+03	3.57815e+03	3.03466e+03
2.00000e+01	2.67380e+03	3.00255e+03	2.73785e+03	2.90360e+03
2.10000e+01	2.67210e+03	2.99957e+03	2.73260e+03	2.90738e+03
2.20000e+01	2.80398e+03	3.65935e+03	3.42040e+03	2.97097e+03
2.30000e+01	2.69985e+03	3.01877e+03	2.75978e+03	2.91287e+03
2.40000e+01	2.65899e+03	2.96773e+03	2.68007e+03	2.87873e+03
2.50000e+01	2.80395e+03	3.53407e+03	3.29772e+03	2.93807e+03
2.60000e+01	2.62097e+03	3.04699e+03	2.69934e+03	2.93354e+03
2.70000e+01	2.64862e+03	3.03780e+03	2.73695e+03	2.94856e+03
2.80000e+01	2.85103e+03	3.60871e+03	3.40260e+03	2.96579e+03
2.90000e+01	2.69442e+03	3.07431e+03	2.79195e+03	2.95979e+03
3.00000e+01	2.67118e+03	3.05873e+03	2.77546e+03	2.96150e+03
3.10000e+01	5.02757e+03	5.09366e+03	4.68986e+03	4.79209e+03
3.20000e+01	4.30686e+03	5.10693e+03	4.66608e+03	4.25532e+03
3.30000e+01	4.48919e+03	5.11390e+03	4.68484e+03	4.48309e+03
3.40000e+01	4.85714e+03	5.12125e+03	4.61643e+03	4.87945e+03
3.50000e+01	5.04832e+03	5.11920e+03	4.54900e+03	5.10130e+03
3.60000e+01	5.04202e+03	5.13332e+03	4.47873e+03	5.12821e+03
3.70000e+01	5.05257e+03	5.14103e+03	4.36475e+03	5.14103e+03
3.80000e+01	5.05790e+03	5.14000e+03	4.35430e+03	5.12475e+03
3.90000e+01	5.08077e+03	5.15532e+03	4.40330e+03	5.13631e+03
4.00000e+01	5.06971e+03	5.17933e+03	4.46030e+03	5.13677e+03
4.10000e+01	5.08937e+03	5.15723e+03	4.51293e+03	5.16308e+03
4.20000e+01	5.10018e+03	5.17751e+03	4.51613e+03	5.15148e+03
4.30000e+01	5.10144e+03	5.18072e+03	4.57106e+03	5.14477e+03
4.40000e+01	5.10856e+03	5.19665e+03	4.59962e+03	5.15162e+03
4.50000e+01	4.95050e+03	5.19991e+03	4.64876e+03	4.98781e+03
4.60000e+01	4.84363e+03	5.19774e+03	4.49790e+03	4.81121e+03
4.70000e+01	4.60063e+03	5.19912e+03	4.75179e+03	4.57065e+03
4.80000e+01	4.45807e+03	5.20551e+03	4.78851e+03	4.41745e+03
4.90000e+01	4.22997e+03	5.20612e+03	4.86304e+03	4.16313e+03
5.00000e+01	3.99425e+03	5.23067e+03	4.96574e+03	3.91972e+03
5.10000e+01	3.78170e+03	5.21312e+03	5.02463e+03	3.70613e+03
5.20000e+01	3.58918e+03	5.23086e+03	5.04609e+03	3.49886e+03
5.30000e+01	3.34638e+03	5.23353e+03	5.02799e+03	3.25553e+03
5.40000e+01	3.10809e+03	5.25241e+03	4.99030e+03	3.01457e+03
5.50000e+01	3.04692e+03	4.85952e+03	4.62612e+03	3.00661e+03
5.60000e+01	2.96877e+03	4.30968e+03	4.02994e+03	2.97714e+03
5.70000e+01	2.89722e+03	3.93538e+03	3.60942e+03	2.96720e+03
5.80000e+01	2.88141e+03	3.56025e+03	3.30956e+03	2.95210e+03
5.90000e+01	2.80365e+03	3.22722e+03	2.95947e+03	2.95369e+03
6.00000e+01	2.75824e+03	3.02831e+03	2.77021e+03	2.92969e+03
6.10000e+01	2.86049e+03	3.09315e+03	2.78463e+03	3.08783e+03
6.20000e+01	2.84117e+03	3.10248e+03	2.78501e+03	3.06052e+03
6.30000e+01	2.85210e+03	3.09674e+03	2.78232e+03	3.07722e+03
6.40000e+01	2.89292e+03	3.09822e+03	2.79928e+03	3.12180e+03
6.50000e+01	2.85664e+03	3.10055e+03	2.77861e+03	3.10426e+03
6.60000e+01	2.80863e+03	3.07936e+03	2.74360e+03	3.07348e+03
6.70000e+01	2.84513e+03	3.09941e+03	2.78066e+03	3.07396e+03
6.80000e+01	2.80077e+03	3.09231e+03	2.74138e+03	3.07664e+03
6.90000e+01	2.80865e+03	3.08863e+03	2.73408e+03	3.09445e+03
7.00000e+01	2.76101e+03	3.08615e+03	2.70187e+03	3.07085e+03
7.10000e+01	2.89088e+03	3.09949e+03	2.80123e+03	3.11554e+03
7.20000e+01	2.86021e+03	3.09544e+03	2.77403e+03	3.11500e+03
7.30000e+01	2.81039e+03	3.08160e+03	2.74343e+03	3.08433e+03
7.40000e+01	2.81958e+03	3.08115e+03	2.75298e+03	3.08141e+03
7.50000e+01	2.89285e+03	3.10161e+03	2.79799e+03	3.12878e+03
7.60000e+01	2.83054e+03	3.09119e+03	2.78378e+03	3.04183e+03
7.70000e+01	2.91490e+03	3.08568e+03	2.79603e+03	3.14993e+03
7.80000e+01	2.80344e+03	3.09156e+03	2.73713e+03	3.08349e+03
7.90000e+01	2.82133e+03	3.10144e+03	2.77271e+03	3.04890e+03
8.00000e+01	2.81502e+03	3.09083e+03	2.75084e+03	3.08131e+03
8.10000e+01	2.86199e+03	3.09621e+03	2.80170e+03	3.08055e+03
8.20000e+01	2.90224e+03	3.09399e+03	2.81603e+03	3.11195e+03
8.30000e+01	2.87835e+03	3.08298e+03	2.79508e+03	3.10118e+03
8.40000e+01	2.76981e+03	3.07952e+03	2.71265e+03	3.07253e+03
8.50000e+01	2.84795e+03	3.09035e+03	2.77388e+03	3.09350e+03
8.60000e+01	2.89543e+03	3.09364e+03	2.81294e+03	3.10638e+03
8.70000e+01	2.84369e+03	3.07997e+03	2.74163e+03	3.13051e+03
8.80000e+01	2.83031e+03	3.09336e+03	2.75499e+03	3.10428e+03
8.90000e+01	2.86247e+03	3.08118e+03	2.77008e+03	3.12160e+03
9.00000e+01	2.84252e+03	3.08304e+03	2.76651e+03	3.09576e+03
9.10000e+01	2.97056e+03	3.08872e+03	2.83463e+03	3.17316e+03
9.20000e+01	2.79109e+03	3.08311e+03	2.72973e+03	3.08115e+03
9.30000e+01	2.81086e+03	3.08437e+03	2.73353e+03	3.11182e+03
9.40000e+01	2.88361e+03	3.08308e+03	2.76796e+03	3.15404e+03
9.50000e+01	2.85835e+03	3.07553e+03	2.75730e+03	3.13345e+03
9.60000e+01	2.89567e+03	3.08315e+03	2.81203e+03	3.10459e+03
9.70000e+01	2.89907e+03	3.08888e+03	2.81584e+03	3.10668e+03
9.80000e+01	2.96529e+03	3.08331e+03	2.82470e+03	3.17121e+03
9.90000e+01	2.89406e+03	3.09452e+03	2.80851e+03	3.12027e+03
1.00000e+02	2.90757e+03	3.08642e+03	2.81762e+03	3.11410e+03
1.01000e+02	2.90539e+03	3.09067e+03	2.81447e+03	3.11603e+03
1.02000e+02	2.91187e+03	3.09335e+03	2.82181e+03	3.11336e+03
1.03000e+02	2.95442e+03	3.08883e+03	2.82563e+03	3.17099e+03
1.04000e+02	2.80960e+03	3.07884e+03	2.74356e+03	3.08221e+03
1.05000e+02	2.83347e+03	3.07882e+03	2.75035e+03	3.10651e+03
1.06000e+02	2.88114e+03	3.08211e+03	2.77982e+03	3.13359e+03
1.07000e+02	2.89824e+03	3.07861e+03	2.80244e+03	3.11944e+03
1.08000e+02	2.82272e+03	3.08316e+03	2.71159e+03	3.14878e+03
1.09000e+02	2.83235e+03	3.06895e+03	2.76159e+03	3.08563e+03
1.10000e+02	2.83673e+03	3.08625e+03	2.79301e+03	3.04658e+03
1.11000e+02	2.90667e+03	3.08017e+03	2.80650e+03	3.12430e+03
1.12000e+02	2.86160e+03	3.08906e+03	2.80772e+03	3.06321e+03
1.13000e+02	2.77137e+03	3.08322e+03	2.69851e+03	3.10414e+03
1.14000e+02	2.87973e+03	3.08575e+03	2.77642e+03	3.13816e+03
1.15000e+02	2.89061e+03	3.07355e+03	2.78937e+03	3.12492e+03
1.16000e+02	2.84802e+03	3.09350e+03	2.80119e+03	3.05239e+03
1.17000e+02	2.93321e+03	3.08487e+03	2.82479e+03	3.13127e+03
1.18000e+02	2.89216e+03	3.08634e+03	2.80939e+03	3.10445e+03
1.19000e+02	2.95726e+03	3.08059e+03	2.81904e+03	3.17291e+03
1.20000e+02	2.90817e+03	3.08523e+03	2.81406e+03	3.11826e+03
1.21000e+02	2.94161e+03	3.07935e+03	2.81278e+03	3.15952e+03
1.22000e+02	2.91852e+03	3.08876e+03	2.80925e+03	3.13948e+03
1.23000e+02	2.84689e+03	3.08348e+03	2.78596e+03	3.07993e+03
1.24000e+02	2.91730e+03	3.08297e+03	2.81735e+03	3.12579e+03
1.25000e+02	2.78372e+03	3.08307e+03	2.74147e+03	3.04900e+03
1.26000e+02	2.96547e+03	3.08272e+03	2.82543e+03	3.17909e+03
1.27000e+02	2.85432e+03	3.08125e+03	2.75739e+03	3.13186e+03
1.28000e+02	2.86520e+03	3.08627e+03	2.79788e+03	3.08702e+03
1.29000e+02	2.92617e+03	3.08258e+03	2.81328e+03	3.13838e+03
1.30000e+02	2.87961e+03	3.08408e+03	2.78105e+03	3.12959e+03
1.31000e+02	2.92960e+03	3.08482e+03	2.81273e+03	3.14783e+03
1.32000e+02	2.90922e+03	3.08671e+03	2.80899e+03	3.12730e+03
1.33000e+02	2.84937e+03	3.07956e+03	2.74606e+03	3.13398e+03
1.34000e+02	2.84816e+03	3.08479e+03	2.75590e+03	3.12566e+03
1.35000e+02	2.89414e+03	3.08128e+03	2.79058e+03	3.13218e+03
1.36000e+02	2.91977e+03	3.08754e+03	2.83033e+03	3.11305e+03
1.37000e+02	2.90058e+03	3.08586e+03	2.79723e+03	3.13336e+03
1.38000e+02	2.73359e+03	3.07823e+03	2.68733e+03	3.05553e+03
1.39000e+02	2.94205e+03	3.09081e+03	2.83027e+03	3.13607e+03
1.40000e+02	2.94594e+03	3.07909e+03	2.80342e+03	3.18102e+03
1.41000e+02	2.92780e+03	3.08642e+03	2.81949e+03	3.13487e+03
1.42000e+02	2.86568e+03	3.08059e+03	2.76222e+03	3.13708e+03
1.43000e+02	2.89937e+03	3.07342e+03	2.75929e+03	3.18053e+03
1.44000e+02	2.94010e+03	3.07305e+03	2.82497e+03	3.14596e+03
1.45000e+02	2.81019e+03	3.07947e+03	2.71348e+03	3.13141e+03
1.46000e+02	2.97698e+03	3.08297e+03	2.82639e+03	3.19063e+03
1.47000e+02	2.85232e+03	3.07634e+03	2.74638e+03	3.13834e+03
1.48000e+02	2.86972e+03	3.08706e+03	2.82400e+03	3.05299e+03
1.49000e+02	2.85364e+03	3.08100e+03	2.78027e+03	3.09289e+03
1.50000e+02	2.91710e+03	3.08407e+03	2.81500e+03	3.12748e+03
1.51000e+02	2.94859e+03	3.08503e+03	2.83196e+03	3.14596e+03
1.52000e+02	2.91775e+03	3.08567e+03	2.82255e+03	3.11597e+03
1.53000e+02	2.73796e+03	3.08076e+03	2.68921e+03	3.06196e+03
1.54000e+02	2.92564e+03	3.08617e+03	2.81907e+03	3.13531e+03
1.55000e+02	2.93494e+03	3.08402e+03	2.83084e+03	3.12910e+03
1.56000e+02	2.87648e+03	3.07862e+03	2.78154e+03	3.11763e+03
1.57000e+02	2.89903e+03	3.07916e+03	2.79673e+03	3.12761e+03
1.58000e+02	2.91030e+03	3.07620e+03	2.81194e+03	3.12019e+03
1.59000e+02	2.89950e+03	3.08636e+03	2.81550e+03	3.10438e+03
1.60000e+02	2.94806e+03	3.07983e+03	2.83703e+03	3.13498e+03
1.61000e+02	2.92169e+03	3.07035e+03	2.79830e+03	3.14958e+03
1.62000e+02	2.91425e+03	3.07874e+03	2.80738e+03	3.13358e+03
1.63000e+02	2.89171e+03	3.08519e+03	2.81895e+03	3.08876e+03
1.64000e+02	2.94752e+03	3.08126e+03	2.83384e+03	3.13755e+03
1.65000e+02	2.91767e+03	3.08336e+03	2.83179e+03	3.10518e+03
1.66000e+02	2.86860e+03	3.07829e+03	2.77166e+03	3.12189e+03
1.67000e+02	2.90445e+03	3.08129e+03	2.82596e+03	3.09196e+03
1.68000e+02	2.81120e+03	3.07568e+03	2.71112e+03	3.13433e+03
1.69000e+02	2.79394e+03	3.07804e+03	2.74511e+03	3.05949e+03
1.70000e+02	2.87750e+03	3.07954e+03	2.81047e+03	3.07793e+03
1.71000e+02	2.91461e+03	3.08025e+03	2.78838e+03	3.15970e+03
1.72000e+02	2.96547e+03	3.07544e+03	2.82695e+03	3.17279e+03
1.73000e+02	2.90976e+03	3.07545e+03	2.79366e+03	3.14648e+03
1.74000e+02	2.89185e+03	3.07464e+03	2.77539e+03	3.14801e+03
1.75000e+02	2.93344e+03	3.08082e+03	2.82144e+03	3.13749e+03
1.76000e+02	3.00034e+03	3.07542e+03	2.85076e+03	3.18160e+03
1.77000e+02	2.93347e+03	3.08191e+03	2.81955e+03	3.14527e+03
1.78000e+02	2.95956e+03	3.08054e+03	2.81690e+03	3.17795e+03
1.79000e+02	2.75245e+03	3.07513e+03	2.69230e+03	3.07782e+03
1.80000e+02	2.90778e+03	3.08293e+03	2.80680e+03	3.12701e+03
1.81000e+02	2.94731e+03	3.07071e+03	2.83184e+03	3.13496e+03
1.82000e+02	2.97468e+03	3.08276e+03	2.82446e+03	3.18505e+03
1.83000e+02	2.96563e+03	3.07532e+03	2.83466e+03	3.15866e+03
1.84000e+02	2.92179e+03	3.08187e+03	2.81738e+03	3.13213e+03
1.85000e+02	2.91955e+03	3.07769e+03	2.80775e+03	3.13666e+03
1.86000e+02	2.90807e+03	3.08182e+03	2.82319e+03	3.10424e+03
1.87000e+02	2.97033e+03	3.08306e+03	2.82375e+03	3.17957e+03
1.88000e+02	2.89062e+03	3.07778e+03	2.79085e+03	3.12609e+03
1.89000e+02	2.91096e+03	3.08119e+03	2.78638e+03	3.16054e+03
1.90000e+02	2.95619e+03	3.07847e+03	2.84031e+03	3.13909e+03
1.91000e+02	2.91911e+03	3.08522e+03	2.82774e+03	3.11075e+03
1.92000e+02	2.94375e+03	3.07791e+03	2.82690e+03	3.14146e+03
1.93000e+02	2.82292e+03	3.08361e+03	2.77247e+03	3.05912e+03
1.94000e+02	2.81903e+03	3.07439e+03	2.71705e+03	3.13414e+03
1.95000e+02	2.92161e+03	3.07736e+03	2.80539e+03	3.13969e+03
1.96000e+02	2.89714e+03	3.07929e+03	2.79585e+03	3.12630e+03
1.97000e+02	2.90925e+03	3.08227e+03	2.80252e+03	3.13370e+03
1.98000e+02	2.96554e+03	3.07759e+03	2.84079e+03	3.14981e+03
1.99000e+02	2.89775e+03	3.07417e+03	2.78158e+03	3.13831e+03
2.00000e+02	3.00233e+03	3.07432e+03	2.85633e+03	3.17199e+03
2.01000e+02	2.94769e+03	3.07744e+03	2.83618e+03	3.13455e+03
2.02000e+02	2.94843e+03	3.07566e+03	2.82771e+03	3.14211e+03
2.03000e+02	3.00167e+03	3.07846e+03	2.84449e+03	3.19167e+03
2.04000e+02	2.78620e+03	3.08078e+03	2.71468e+03	3.09616e+03
2.05000e+02	2.94118e+03	3.07448e+03	2.82759e+03	3.13278e+03
2.06000e+02	2.97451e+03	3.07536e+03	2.84110e+03	3.15801e+03
2.07000e+02	2.91603e+03	3.07208e+03	2.79866e+03	3.14456e+03
2.08000e+02	2.89275e+03	3.08171e+03	2.82774e+03	3.07679e+03
2.09000e+02	2.95737e+03	3.08169e+03	2.83328e+03	3.14830e+03
2.10000e+02	2.97657e+03	3.07436e+03	2.80640e+03	3.21179e+03
2.11000e+02	2.96778e+03	3.07998e+03	2.83248e+03	3.16470e+03
2.12000e+02	2.94048e+03	3.07558e+03	2.82542e+03	3.13865e+03
2.13000e+02	2.93753e+03	3.07528e+03	2.82482e+03	3.13097e+03
2.14000e+02	2.94364e+03	3.07220e+03	2.79330e+03	3.18519e+03
2.15000e+02	2.89812e+03	3.06941e+03	2.77677e+03	3.15000e+03
2.16000e+02	2.88073e+03	3.08589e+03	2.81874e+03	3.06888e+03
2.17000e+02	2.85489e+03	3.07627e+03	2.76863e+03	3.10359e+03
2.18000e+02	2.90144e+03	3.07714e+03	2.82128e+03	3.09404e+03
2.19000e+02	2.94311e+03	3.07347e+03	2.80744e+03	3.16593e+03
2.20000e+02	2.95508e+03	3.07705e+03	2.84139e+03	3.13976e+03
2.21000e+02	2.93520e+03	3.08341e+03	2.83996e+03	3.11049e+03
2.22000e+02	3.00997e+03	3.07364e+03	2.85979e+03	3.17756e+03
2.23000e+02	2.92701e+03	3.07531e+03	2.80680e+03	3.14501e+03
2.24000e+02	2.80463e+03	3.07468e+03	2.71118e+03	3.12034e+03
2.25000e+02	2.91874e+03	3.07516e+03	2.80664e+03	3.13493e+03
2.26000e+02	2.92144e+03	3.07973e+03	2.82327e+03	3.11703e+03
2.27000e+02	2.91130e+03	3.07567e+03	2.80133e+03	3.13134e+03
2.28000e+02	2.96809e+03	3.07327e+03	2.83709e+03	3.15501e+03
2.29000e+02	2.80961e+03	3.07742e+03	2.75734e+03	3.05839e+03
2.30000e+02	2.84847e+03	3.07738e+03	2.77647e+03	3.08588e+03
2.31000e+02	2.89459e+03	3.07705e+03	2.78878e+03	3.12974e+03
2.32000e+02	2.82472e+03	3.07362e+03	2.73346e+03	3.11409e+03
2.33000e+02	2.92431e+03	3.07177e+03	2.77831e+03	3.18437e+03
2.34000e+02	2.94173e+03	3.07891e+03	2.84298e+03	3.11663e+03
2.35000e+02	2.86017e+03	3.07781e+03	2.77090e+03	3.10925e+03
2.36000e+02	2.90540e+03	3.08086e+03	2.82835e+03	3.08901e+03
2.37000e+02	2.84959e+03	3.07190e+03	2.74891e+03	3.12884e+03
2.38000e+02	2.94256e+03	3.07657e+03	2.82939e+03	3.13579e+03
2.39000e+02	2.92433e+03	3.08160e+03	2.82713e+03	3.11896e+03
2.40000e+02	2.88531e+03	3.06854e+03	2.77704e+03	3.13009e+03
2.41000e+02	2.95528e+03	3.07606e+03	2.84715e+03	3.12788e+03
2.42000e+02	2.93960e+03	3.07270e+03	2.81812e+03	3.14290e+03
2.43000e+02	2.86185e+03	3.08157e+03	2.78427e+03	3.09444e+03
2.44000e+02	2.88593e+03	3.08287e+03	2.83079e+03	3.05918e+03
2.45000e+02	2.88769e+03	3.07426e+03	2.77756e+03	3.13608e+03
2.46000e+02	2.90272e+03	3.07354e+03	2.78410e+03	3.13932e+03
2.47000e+02	2.94929e+03	3.07589e+03	2.82952e+03	3.14189e+03
2.48000e+02	2.92494e+03	3.06885e+03	2.80400e+03	3.14310e+03
2.49000e+02	2.88927e+03	3.07350e+03	2.78829e+03	3.12253e+03
2.50000e+02	2.99065e+03	3.06884e+03	2.84745e+03	3.16668e+03
2.51000e+02	2.94449e+03	3.07836e+03	2.82604e+03	3.14505e+03
2.52000e+02	2.93068e+03	3.07598e+03	2.82816e+03	3.11877e+03
2.53000e+02	2.92225e+03	3.07375e+03	2.80193e+03	3.14841e+03
2.54000e+02	2.93093e+03	3.07718e+03	2.81219e+03	3.13906e+03
2.55000e+02	2.91186e+03	3.07292e+03	2.79906e+03	3.13869e+03
2.56000e+02	2.82128e+03	3.07578e+03	2.75675e+03	3.07678e+03
2.57000e+02	2.97072e+03	3.07799e+03	2.83652e+03	3.15880e+03
2.58000e+02	2.93399e+03	3.07095e+03	2.81049e+03	3.14561e+03
2.59000e+02	2.94952e+03	3.06905e+03	2.80248e+03	3.17994e+03
2.60000e+02	2.87738e+03	3.06948e+03	2.79006e+03	3.10041e+03
2.61000e+02	2.84131e+03	3.07544e+03	2.75282e+03	3.11103e+03
2.62000e+02	3.03371e+03	3.07032e+03	2.85611e+03	3.20666e+03
2.63000e+02	2.89157e+03	3.07358e+03	2.76804e+03	3.15484e+03
2.64000e+02	2.97240e+03	3.07703e+03	2.85014e+03	3.14747e+03
2.65000e+02	2.94186e+03	3.07860e+03	2.83477e+03	3.12496e+03
2.66000e+02	2.94342e+03	3.06773e+03	2.78773e+03	3.19086e+03
2.67000e+02	2.96993e+03	3.07324e+03	2.82860e+03	3.16944e+03
2.68000e+02	2.97434e+03	3.07163e+03	2.83089e+03	3.16991e+03
2.69000e+02	2.96308e+03	3.07791e+03	2.83824e+03	3.15084e+03
2.70000e+02	2.84450e+03	3.07885e+03	2.77801e+03	3.07734e+03
2.71000e+02	2.95994e+03	3.07986e+03	2.83683e+03	3.14908e+03
2.72000e+02	2.99207e+03	3.07279e+03	2.85073e+03	3.16662e+03
2.73000e+02	2.94966e+03	3.07592e+03	2.83263e+03	3.14100e+03
2.74000e+02	2.87296e+03	3.06694e+03	2.78792e+03	3.09545e+03
2.75000e+02	2.86596e+03	3.08375e+03	2.79955e+03	3.07816e+03
2.76000e+02	2.91517e+03	3.07757e+03	2.83001e+03	3.09830e+03
2.77000e+02	2.98196e+03	3.07460e+03	2.84021e+03	3.16333e+03
2.78000e+02	2.96041e+03	3.07543e+03	2.83949e+03	3.14313e+03
2.79000e+02	2.92529e+03	3.07893e+03	2.83508e+03	3.10739e+03
2.80000e+02	2.91115e+03	3.07949e+03	2.82215e+03	3.10119e+03
2.81000e+02	2.93497e+03	3.07386e+03	2.80604e+03	3.15454e+03
2.82000e+02	2.91702e+03	3.07287e+03	2.81185e+03	3.11985e+03
2.83000e+02	2.94063e+03	3.06532e+03	2.77977e+03	3.19875e+03
2.84000e+02	2.86712e+03	3.07140e+03	2.78822e+03	3.09571e+03
2.85000e+02	2.93071e+03	3.07965e+03	2.83986e+03	3.10522e+03
2.86000e+02	2.95131e+03	3.07669e+03	2.83545e+03	3.13322e+03
2.87000e+02	2.97928e+03	3.08138e+03	2.85524e+03	3.14565e+03
2.88000e+02	2.93980e+03	3.07436e+03	2.84341e+03	3.10931e+03
2.89000e+02	2.89777e+03	3.07594e+03	2.82001e+03	3.08879e+03
2.90000e+02	2.96160e+03	3.07454e+03	2.84038e+03	3.13788e+03
2.91000e+02	2.99364e+03	3.07017e+03	2.83267e+03	3.19605e+03
2.92000e+02	2.98382e+03	3.07268e+03	2.85535e+03	3.14767e+03
2.93000e+02	3.02427e+03	3.07331e+03	2.86295e+03	3.18804e+03
2.94000e+02	2.92689e+03	3.07992e+03	2.83516e+03	3.10611e+03
2.95000e+02	2.84384e+03	3.07785e+03	2.77092e+03	3.08736e+03
2.96000e+02	2.96474e+03	3.07660e+03	2.83941e+03	3.14539e+03
2.97000e+02	3.00589e+03	3.07244e+03	2.84783e+03	3.18964e+03
2.98000e+02	2.80899e+03	3.07905e+03	2.75574e+03	3.05920e+03
2.99000e+02	2.99846e+03	3.07092e+03	2.85420e+03	3.16479e+03
3.00000e+02	2.99736e+03	3.07229e+03	2.84446e+03	3.18100e+03
3.01000e+02	2.89663e+03	3.07658e+03	2.79553e+03	3.12205e+03
3.02000e+02	2.96669e+03	3.07379e+03	2.83693e+03	3.15227e+03
3.03000e+02	2.96338e+03	3.07855e+03	2.84475e+03	3.14253e+03
3.04000e+02	2.94374e+03	3.07304e+03	2.83181e+03	3.13060e+03
3.05000e+02	2.86089e+03	3.06890e+03	2.74298e+03	3.14417e+03
3.06000e+02	3.02698e+03	3.06967e+03	2.86394e+03	3.18773e+03
3.07000e+02	2.95454e+03	3.07591e+03	2.82681e+03	3.15250e+03
3.08000e+02	2.95028e+03	3.07419e+03	2.82714e+03	3.14311e+03
3.09000e+02	2.96107e+03	3.07760e+03	2.84125e+03	3.14168e+03
3.10000e+02	2.84333e+03	3.06849e+03	2.72293e+03	3.15063e+03
3.11000e+02	2.96368e+03	3.07209e+03	2.83444e+03	3.15304e+03
3.12000e+02	2.96150e+03	3.07513e+03	2.83804e+03	3.14218e+03
3.13000e+02	2.91708e+03	3.08189e+03	2.83153e+03	3.10196e+03
3.14000e+02	2.99415e+03	3.07069e+03	2.83852e+03	3.18149e+03
3.15000e+02	2.99236e+03	3.07605e+03	2.85021e+03	3.16917e+03
3.16000e+02	2.91739e+03	3.07743e+03	2.83380e+03	3.09625e+03
3.17000e+02	2.96323e+03	3.07653e+03	2.83542e+03	3.15144e+03
3.18000e+02	2.95795e+03	3.07856e+03	2.84121e+03	3.13715e+03
3.19000e+02	2.95444e+03	3.07633e+03	2.83218e+03	3.14400e+03
3.20000e+02	3.04486e+03	3.06446e+03	2.81507e+03	3.28205e+03
3.21000e+02	3.01312e+03	3.07315e+03	2.85128e+03	3.19177e+03
3.22000e+02	2.89613e+03	3.07698e+03	2.83748e+03	3.05854e+03
3.23000e+02	2.89173e+03	3.08053e+03	2.82333e+03	3.07995e+03
3.24000e+02	2.84061e+03	3.07643e+03	2.78638e+03	3.05678e+03
3.25000e+02	2.89228e+03	3.08054e+03	2.83521e+03	3.06124e+03
3.26000e+02	2.89330e+03	3.07585e+03	2.83621e+03	3.05816e+03
3.27000e+02	2.88538e+03	3.08200e+03	2.82752e+03	3.06229e+03
3.28000e+02	2.88771e+03	3.08175e+03	2.82971e+03	3.06122e+03
3.29000e+02	2.85776e+03	3.07376e+03	2.76833e+03	3.10536e+03
3.30000e+02	2.85544e+03	3.08017e+03	2.79893e+03	3.05873e+03
3.31000e+02	2.87386e+03	3.07770e+03	2.81834e+03	3.05839e+03
3.32000e+02	2.86513e+03	3.07941e+03	2.81044e+03	3.05960e+03
3.33000e+02	2.78393e+03	3.07743e+03	2.73076e+03	3.06108e+03
3.34000e+02	2.88018e+03	3.08013e+03	2.82085e+03	3.06270e+03
3.35000e+02	2.88385e+03	3.07970e+03	2.82522e+03	3.06378e+03
3.36000e+02	2.95291e+03	3.07461e+03	2.83327e+03	3.13846e+03
3.37000e+02	2.84441e+03	3.07971e+03	2.78028e+03	3.07350e+03
3.38000e+02	2.91379e+03	3.07855e+03	2.83039e+03	3.09677e+03
3.39000e+02	2.87989e+03	3.07840e+03	2.82025e+03	3.06106e+03
3.40000e+02	2.89194e+03	3.07993e+03	2.83340e+03	3.06110e+03
3.41000e+02	2.89179e+03	3.07998e+03	2.83399e+03	3.06129e+03
3.42000e+02	2.83202e+03	3.07717e+03	2.77606e+03	3.06005e+03
3.43000e+02	2.98437e+03	3.07218e+03	2.84574e+03	3.16042e+03
3.44000e+02	2.82902e+03	3.07099e+03	2.72255e+03	3.13517e+03
3.45000e+02	3.04526e+03	3.06983e+03	2.85348e+03	3.22240e+03
3.46000e+02	3.01983e+03	3.07187e+03	2.85255e+03	3.19536e+03
3.47000e+02	2.99419e+03	3.07229e+03	2.84627e+03	3.17391e+03
3.48000e+02	2.90904e+03	3.07837e+03	2.83106e+03	3.09045e+03
3.49000e+02	2.95565e+03	3.07413e+03	2.83858e+03	3.13632e+03
3.50000e+02	2.94548e+03	3.07330e+03	2.82643e+03	3.13811e+03
3.51000e+02	3.02315e+03	3.07151e+03	2.85431e+03	3.19786e+03
3.52000e+02	2.92604e+03	3.07628e+03	2.83546e+03	3.10359e+03
3.53000e+02	2.86621e+03	3.07641e+03	2.76626e+03	3.12423e+03
3.54000e+02	2.92180e+03	3.06756e+03	2.80207e+03	3.13991e+03
3.55000e+02	3.05826e+03	3.06767e+03	2.87047e+03	3.21573e+03
3.56000e+02	2.91543e+03	3.06947e+03	2.77351e+03	3.17265e+03
3.57000e+02	2.96076e+03	3.07303e+03	2.84125e+03	3.13722e+03
3.58000e+02	2.96318e+03	3.06609e+03	2.80767e+03	3.18803e+03
3.59000e+02	2.92136e+03	3.07613e+03	2.81644e+03	3.12334e+03
3.60000e+02	2.93410e+03	3.07629e+03	2.83382e+03	3.11209e+03
3.61000e+02	2.95679e+03	3.07475e+03	2.84033e+03	3.13616e+03
3.62000e+02	2.99547e+03	3.07301e+03	2.83850e+03	3.18583e+03
3.63000e+02	2.91871e+03	3.07718e+03	2.80901e+03	3.13017e+03
3.64000e+02	2.92746e+03	3.07303e+03	2.80860e+03	3.14248e+03
3.65000e+02	2.96548e+03	3.07392e+03	2.84638e+03	3.13666e+03
3.66000e+02	2.99046e+03	3.07227e+03	2.85324e+03	3.15999e+03
3.67000e+02	2.91009e+03	3.07592e+03	2.83966e+03	3.07512e+03
3.68000e+02	2.94900e+03	3.07847e+03	2.84293e+03	3.11825e+03
3.69000e+02	2.92381e+03	3.07293e+03	2.78247e+03	3.17422e+03
3.70000e+02	2.92148e+03	3.07324e+03	2.79822e+03	3.14725e+03
3.71000e+02	2.91607e+03	3.07657e+03	2.83336e+03	3.09417e+03
3.72000e+02	2.81882e+03	3.07182e+03	2.72579e+03	3.11477e+03
3.73000e+02	2.78344e+03	3.07548e+03	2.71322e+03	3.08652e+03
3.74000e+02	3.01103e+03	3.07169e+03	2.84868e+03	3.18751e+03
3.75000e+02	2.86459e+03	3.07327e+03	2.74911e+03	3.14381e+03
3.76000e+02	2.97012e+03	3.07240e+03	2.83267e+03	3.16291e+03
3.77000e+02	3.01436e+03	3.06851e+03	2.85291e+03	3.18870e+03
3.78000e+02	2.98909e+03	3.07360e+03	2.85253e+03	3.15866e+03
3.79000e+02	2.91592e+03	3.07660e+03	2.80348e+03	3.13350e+03
3.80000e+02	2.96715e+03	3.06803e+03	2.80832e+03	3.19199e+03
3.81000e+02	2.97190e+03	3.07280e+03	2.83974e+03	3.15371e+03
3.82000e+02	2.98813e+03	3.07128e+03	2.83640e+03	3.17891e+03
3.83000e+02	2.89724e+03	3.07675e+03	2.82532e+03	3.07655e+03
3.84000e+02	2.95051e+03	3.07343e+03	2.81366e+03	3.16331e+03
3.85000e+02	2.99520e+03	3.07221e+03	2.84694e+03	3.17526e+03
3.86000e+02	2.92026e+03	3.07508e+03	2.82213e+03	3.11547e+03
3.87000e+02	2.91343e+03	3.08131e+03	2.83386e+03	3.09353e+03
3.88000e+02	2.94078e+03	3.07429e+03	2.83748e+03	3.11774e+03
3.89000e+02	2.94120e+03	3.07325e+03	2.80011e+03	3.17199e+03
3.90000e+02	2.90036e+03	3.07639e+03	2.80491e+03	3.11265e+03
3.91000e+02	2.82612e+03	3.06688e+03	2.71652e+03	3.13133e+03
3.92000e+02	2.90405e+03	3.07193e+03	2.77308e+03	3.15773e+03
3.93000e+02	2.89443e+03	3.06981e+03	2.77493e+03	3.14267e+03
3.94000e+02	2.83954e+03	3.07584e+03	2.77154e+03	3.07577e+03
3.95000e+02	2.89218e+03	3.07637e+03	2.79759e+03	3.11036e+03
3.96000e+02	2.88910e+03	3.06924e+03	2.76735e+03	3.14635e+03
3.97000e+02	3.01171e+03	3.07290e+03	2.83736e+03	3.20536e+03
3.98000e+02	3.00069e+03	3.07153e+03	2.84136e+03	3.18589e+03
3.99000e+02	3.08456e+03	3.07103e+03	2.86984e+03	3.25419e+03
4.00000e+02	3.07617e+03	3.06607e+03	2.85808e+03	3.25704e+03
4.01000e+02	3.05356e+03	3.06730e+03	2.85291e+03	3.23870e+03
4.02000e+02	3.01153e+03	3.07206e+03	2.83658e+03	3.20753e+03
4.03000e+02	3.06648e+03	3.06347e+03	2.85637e+03	3.24686e+03
4.04000e+02	3.01923e+03	3.06942e+03	2.84279e+03	3.20709e+03
4.05000e+02	3.02521e+03	3.07246e+03	2.85946e+03	3.19479e+03
4.06000e+02	3.09786e+03	3.06969e+03	2.87749e+03	3.25673e+03
4.07000e+02	2.97458e+03	3.07534e+03	2.83982e+03	3.15536e+03
4.08000e+02	3.00254e+03	3.06977e+03	2.83893e+03	3.19164e+03
4.09000e+02	3.08826e+03	3.06769e+03	2.86471e+03	3.26266e+03
4.10000e+02	3.01581e+03	3.07148e+03	2.84109e+03	3.20628e+03
4.11000e+02	2.98987e+03	3.07338e+03	2.84256e+03	3.17149e+03
4.12000e+02	3.00200e+03	3.07394e+03	2.84938e+03	3.17779e+03
4.13000e+02	3.13620e+03	3.06867e+03	2.87715e+03	3.30516e+03
4.14000e+02	3.01941e+03	3.07056e+03	2.82494e+03	3.23630e+03
4.15000e+02	2.99140e+03	3.07203e+03	2.82065e+03	3.20515e+03
4.16000e+02	2.88556e+03	3.07351e+03	2.76610e+03	3.14561e+03
4.17000e+02	3.08377e+03	3.06710e+03	2.87459e+03	3.24698e+03
4.18000e+02	3.01133e+03	3.07217e+03	2.84795e+03	3.19296e+03
4.19000e+02	3.00837e+03	3.06982e+03	2.82117e+03	3.22638e+03
4.20000e+02	2.97505e+03	3.07395e+03	2.84595e+03	3.14628e+03
4.21000e+02	3.06472e+03	3.07131e+03	2.86371e+03	3.23759e+03
4.22000e+02	2.99778e+03	3.07435e+03	2.84820e+03	3.17453e+03
4.23000e+02	2.96520e+03	3.07375e+03	2.79675e+03	3.20464e+03
4.24000e+02	2.96373e+03	3.07382e+03	2.84228e+03	3.13907e+03
4.25000e+02	3.09289e+03	3.07110e+03	2.86461e+03	3.26956e+03
4.26000e+02	2.93150e+03	3.06753e+03	2.76715e+03	3.20407e+03
4.27000e+02	3.04144e+03	3.06982e+03	2.85640e+03	3.21640e+03
4.28000e+02	2.88324e+03	3.06894e+03	2.74225e+03	3.17786e+03
4.29000e+02	2.89569e+03	3.07051e+03	2.73808e+03	3.20652e+03
4.30000e+02	3.03404e+03	3.06897e+03	2.85967e+03	3.19933e+03
4.31000e+02	3.07719e+03	3.06886e+03	2.86308e+03	3.24903e+03
4.32000e+02	2.98722e+03	3.07108e+03	2.83749e+03	3.17360e+03
4.33000e+02	3.02474e+03	3.06833e+03	2.84732e+03	3.20890e+03
4.34000e+02	2.96300e+03	3.07300e+03	2.82427e+03	3.16170e+03
4.35000e+02	3.01761e+03	3.07275e+03	2.85544e+03	3.18730e+03
4.36000e+02	3.05047e+03	3.06934e+03	2.86012e+03	3.22075e+03
4.37000e+02	2.98404e+03	3.07361e+03	2.79759e+03	3.23275e+03
4.38000e+02	3.00306e+03	3.06448e+03	2.80906e+03	3.23641e+03
4.39000e+02	3.05449e+03	3.06961e+03	2.85926e+03	3.23267e+03
4.40000e+02	2.97221e+03	3.07402e+03	2.84444e+03	3.14744e+03
4.41000e+02	2.95446e+03	3.06887e+03	2.77463e+03	3.22566e+03
4.42000e+02	3.09030e+03	3.06682e+03	2.87026e+03	3.25755e+03
4.43000e+02	3.02676e+03	3.06850e+03	2.84198e+03	3.21929e+03
4.44000e+02	2.95659e+03	3.07411e+03	2.82400e+03	3.15626e+03
4.45000e+02	3.03553e+03	3.07045e+03	2.84827e+03	3.21990e+03
4.46000e+02	2.97199e+03	3.06841e+03	2.80572e+03	3.19690e+03
4.47000e+02	3.04525e+03	3.07043e+03	2.86206e+03	3.21204e+03
4.48000e+02	3.03416e+03	3.07152e+03	2.85847e+03	3.20566e+03
4.49000e+02	3.10684e+03	3.06883e+03	2.86899e+03	3.27945e+03
4.50000e+02	2.95751e+03	3.07304e+03	2.80692e+03	3.18302e+03
4.51000e+02	3.05910e+03	3.07005e+03	2.86531e+03	3.22779e+03
4.52000e+02	2.91059e+03	3.06876e+03	2.73933e+03	3.21759e+03
4.53000e+02	3.03915e+03	3.07106e+03	2.86106e+03	3.20840e+03
4.54000e+02	2.91978e+03	3.07424e+03	2.80219e+03	3.13428e+03
4.55000e+02	3.03826e+03	3.06720e+03	2.80778e+03	3.28233e+03
4.56000e+02	2.99663e+03	3.07325e+03	2.84321e+03	3.18076e+03
4.57000e+02	3.00630e+03	3.06664e+03	2.81130e+03	3.23856e+03
4.58000e+02	3.09857e+03	3.07086e+03	2.87853e+03	3.25687e+03
4.59000e+02	2.96387e+03	3.07661e+03	2.85166e+03	3.12756e+03
4.60000e+02	3.03026e+03	3.07033e+03	2.84891e+03	3.21240e+03
4.61000e+02	2.91400e+03	3.07305e+03	2.78806e+03	3.15248e+03
4.62000e+02	2.98072e+03	3.07267e+03	2.81248e+03	3.20020e+03
4.63000e+02	3.07386e+03	3.07414e+03	2.86868e+03	3.24143e+03
4.64000e+02	2.91293e+03	3.07311e+03	2.77919e+03	3.16305e+03
4.65000e+02	2.92429e+03	3.07497e+03	2.78749e+03	3.16632e+03
4.66000e+02	3.06597e+03	3.06672e+03	2.85648e+03	3.24093e+03
4.67000e+02	3.05331e+03	3.07467e+03	2.86785e+03	3.22233e+03
4.68000e+02	2.99958e+03	3.07264e+03	2.85971e+03	3.15807e+03
4.69000e+02	3.06428e+03	3.07356e+03	2.85911e+03	3.24074e+03
4.70000e+02	2.98963e+03	3.06919e+03	2.79423e+03	3.24087e+03
4.71000e+02	2.97685e+03	3.06962e+03	2.76321e+03	3.27106e+03
4.72000e+02	3.01570e+03	3.06460e+03	2.79953e+03	3.26673e+03
4.73000e+02	2.97576e+03	3.06934e+03	2.81296e+03	3.19562e+03
4.74000e+02	2.99454e+03	3.07313e+03	2.84818e+03	3.16699e+03
4.75000e+02	2.97593e+03	3.06867e+03	2.79832e+03	3.21698e+03
4.76000e+02	3.00310e+03	3.06988e+03	2.84955e+03	3.17776e+03
4.77000e+02	3.02813e+03	3.06595e+03	2.85728e+03	3.19335e+03
4.78000e+02	2.92014e+03	3.07530e+03	2.79349e+03	3.15426e+03
4.79000e+02	3.00361e+03	3.06971e+03	2.84560e+03	3.18639e+03
4.80000e+02	2.90404e+03	3.06684e+03	2.74559e+03	3.19746e+03
4.81000e+02	3.05562e+03	3.07060e+03	2.84991e+03	3.24634e+03
4.82000e+02	2.97621e+03	3.07739e+03	2.84431e+03	3.15185e+03
4.83000e+02	3.05493e+03	3.07068e+03	2.84959e+03	3.24396e+03
4.84000e+02	3.11755e+03	3.06494e+03	2.88109e+03	3.27587e+03
4.85000e+02	3.05920e+03	3.07057e+03	2.85982e+03	3.23387e+03
4.86000e+02	2.86401e+03	3.07361e+03	2.73161e+03	3.16922e+03
4.87000e+02	2.95257e+03	3.06950e+03	2.79808e+03	3.18690e+03
4.88000e+02	3.00459e+03	3.06706e+03	2.82254e+03	3.21442e+03
4.89000e+02	2.99081e+03	3.07638e+03	2.84912e+03	3.16503e+03
4.90000e+02	2.96736e+03	3.06818e+03	2.83422e+03	3.15263e+03
4.91000e+02	3.04462e+03	3.07100e+03	2.85671e+03	3.21986e+03
4.92000e+02	2.96775e+03	3.07055e+03	2.80454e+03	3.19636e+03
4.93000e+02	2.97891e+03	3.07003e+03	2.80892e+03	3.20763e+03
4.94000e+02	3.05909e+03	3.07117e+03	2.84584e+03	3.25555e+03
4.95000e+02	3.07467e+03	3.06786e+03	2.86533e+03	3.24584e+03
4.96000e+02	3.17101e+03	3.06434e+03	2.87465e+03	3.35446e+03
4.97000e+02	3.04150e+03	3.06813e+03	2.84455e+03	3.23566e+03
4.98000e+02	2.87262e+03	3.07157e+03	2.76274e+03	3.13038e+03
4.99000e+02	2.92268e+03	3.06973e+03	2.75313e+03	3.21316e+03
5.00000e+02	3.01150e+03	3.06683e+03	2.84489e+03	3.19568e+03
5.01000e+02	2.94519e+03	3.07458e+03	2.81769e+03	3.15055e+03
5.02000e+02	2.95882e+03	3.06578e+03	2.75879e+03	3.25488e+03
5.03000e+02	2.95827e+03	3.06866e+03	2.76213e+03	3.24684e+03
5.04000e+02	3.09271e+03	3.06722e+03	2.86915e+03	3.26228e+03
5.05000e+02	3.11786e+03	3.06402e+03	2.87603e+03	3.28370e+03
5.06000e+02	3.09170e+03	3.06854e+03	2.87698e+03	3.25203e+03
5.07000e+02	2.95620e+03	3.07489e+03	2.81922e+03	3.16173e+03
5.08000e+02	2.99873e+03	3.07186e+03	2.85345e+03	3.16797e+03
5.09000e+02	2.91415e+03	3.07475e+03	2.79016e+03	3.15059e+03
5.10000e+02	3.05022e+03	3.07370e+03	2.87098e+03	3.20924e+03
5.11000e+02	2.99177e+03	3.06493e+03	2.82073e+03	3.20001e+03
5.12000e+02	2.99104e+03	3.07319e+03	2.84854e+03	3.16303e+03
5.13000e+02	2.92666e+03	3.07031e+03	2.74724e+03	3.23166e+03
5.14000e+02	2.97036e+03	3.07247e+03	2.80444e+03	3.20231e+03
5.15000e+02	3.12809e+03	3.06641e+03	2.87533e+03	3.29678e+03
5.16000e+02	2.98594e+03	3.06736e+03	2.82758e+03	3.18216e+03
5.17000e+02	3.16181e+03	3.06416e+03	2.88938e+03	3.31942e+03
5.18000e+02	2.91480e+03	3.07181e+03	2.80687e+03	3.12736e+03
5.19000e+02	3.08292e+03	3.06877e+03	2.86942e+03	3.24911e+03
5.20000e+02	3.04626e+03	3.07091e+03	2.86206e+03	3.21593e+03
5.21000e+02	2.99696e+03	3.06850e+03	2.82278e+03	3.21119e+03
5.22000e+02	2.99494e+03	3.07023e+03	2.81734e+03	3.21249e+03
5.23000e+02	3.11543e+03	3.06725e+03	2.87246e+03	3.28518e+03
5.24000e+02	2.96865e+03	3.07459e+03	2.82299e+03	3.17136e+03
5.25000e+02	2.99329e+03	3.07084e+03	2.82789e+03	3.19716e+03
5.26000e+02	3.03459e+03	3.06643e+03	2.83827e+03	3.23356e+03
5.27000e+02	3.07764e+03	3.07008e+03	2.87031e+03	3.23977e+03
5.28000e+02	3.03436e+03	3.07137e+03	2.85804e+03	3.20661e+03
5.29000e+02	2.94670e+03	3.07135e+03	2.80134e+03	3.17072e+03
5.30000e+02	3.08229e+03	3.06610e+03	2.87065e+03	3.24506e+03
5.31000e+02	3.01150e+03	3.07359e+03	2.85977e+03	3.17669e+03
5.32000e+02	2.99590e+03	3.07072e+03	2.84710e+03	3.17178e+03
5.33000e+02	3.10147e+03	3.06763e+03	2.87349e+03	3.26952e+03
5.34000e+02	2.99374e+03	3.07220e+03	2.85023e+03	3.16266e+03
5.35000e+02	3.00770e+03	3.07289e+03	2.84885e+03	3.18365e+03
5.36000e+02	3.00662e+03	3.06654e+03	2.80143e+03	3.25189e+03
5.37000e+02	3.03946e+03	3.07147e+03	2.85398e+03	3.21861e+03
5.38000e+02	3.00560e+03	3.06824e+03	2.81049e+03	3.23656e+03
5.39000e+02	3.10570e+03	3.06562e+03	2.87826e+03	3.26548e+03
5.40000e+02	2.92646e+03	3.07475e+03	2.78457e+03	3.17250e+03
5.41000e+02	3.06788e+03	3.06919e+03	2.86289e+03	3.23892e+03
5.42000e+02	2.93533e+03	3.07486e+03	2.80633e+03	3.15305e+03
5.43000e+02	2.99393e+03	3.07325e+03	2.85248e+03	3.16299e+03
5.44000e+02	3.07771e+03	3.07095e+03	2.87721e+03	3.23440e+03
5.45000e+02	2.99464e+03	3.07047e+03	2.85641e+03	3.15622e+03
5.46000e+02	2.93814e+03	3.07080e+03	2.80511e+03	3.15503e+03
5.47000e+02	3.05597e+03	3.07014e+03	2.87130e+03	3.21526e+03
5.48000e+02	3.00988e+03	3.07125e+03	2.85301e+03	3.18037e+03
5.49000e+02	3.00499e+03	3.07253e+03	2.85272e+03	3.17627e+03
5.50000e+02	3.05884e+03	3.07053e+03	2.86408e+03	3.22696e+03
5.51000e+02	2.93842e+03	3.06774e+03	2.79755e+03	3.16510e+03
5.52000e+02	2.95145e+03	3.07093e+03	2.78646e+03	3.20236e+03
5.53000e+02	3.06975e+03	3.06706e+03	2.86210e+03	3.24308e+03
5.54000e+02	3.00577e+03	3.07208e+03	2.85157e+03	3.18002e+03
5.55000e+02	3.04567e+03	3.07304e+03	2.87069e+03	3.20446e+03
5.56000e+02	2.94484e+03	3.06960e+03	2.81687e+03	3.14918e+03
5.57000e+02	3.01298e+03	3.06902e+03	2.79204e+03	3.27674e+03
5.58000e+02	2.96447e+03	3.07095e+03	2.80619e+03	3.19156e+03
5.59000e+02	2.97083e+03	3.07172e+03	2.84458e+03	3.14418e+03
5.60000e+02	3.03655e+03	3.07073e+03	2.85192e+03	3.21865e+03
5.61000e+02	3.02581e+03	3.06888e+03	2.82702e+03	3.23851e+03
5.62000e+02	2.98108e+03	3.07147e+03	2.83342e+03	3.17371e+03
5.63000e+02	3.06041e+03	3.06996e+03	2.86164e+03	3.23023e+03
5.64000e+02	2.97933e+03	3.07196e+03	2.84557e+03	3.15532e+03
5.65000e+02	3.00935e+03	3.07296e+03	2.86597e+03	3.16367e+03
5.66000e+02	3.01271e+03	3.07335e+03	2.85602e+03	3.18024e+03
5.67000e+02	2.98146e+03	3.07367e+03	2.85474e+03	3.14284e+03
5.68000e+02	2.96803e+03	3.06700e+03	2.77829e+03	3.23877e+03
5.69000e+02	3.05911e+03	3.07096e+03	2.86467e+03	3.22773e+03
5.70000e+02	2.99877e+03	3.07251e+03	2.85623e+03	3.16256e+03
5.71000e+02	3.06404e+03	3.06837e+03	2.86164e+03	3.23940e+03
5.72000e+02	3.03250e+03	3.06887e+03	2.84506e+03	3.22192e+03
5.73000e+02	3.15506e+03	3.06429e+03	2.87143e+03	3.33794e+03
5.74000e+02	3.09036e+03	3.06714e+03	2.86885e+03	3.25946e+03
5.75000e+02	2.96934e+03	3.07022e+03	2.78197e+03	3.23486e+03
5.76000e+02	2.94623e+03	3.06984e+03	2.78693e+03	3.19519e+03
5.77000e+02	3.01772e+03	3.07188e+03	2.85685e+03	3.18617e+03
5.78000e+02	3.05980e+03	3.07102e+03	2.86588e+03	3.22725e+03
5.79000e+02	2.95624e+03	3.07102e+03	2.79221e+03	3.20196e+03
5.80000e+02	3.02014e+03	3.07086e+03	2.81609e+03	3.25092e+03
5.81000e+02	2.98007e+03	3.07251e+03	2.83903e+03	3.16623e+03
5.82000e+02	2.99118e+03	3.07306e+03	2.84232e+03	3.17516e+03
5.83000e+02	3.09438e+03	3.06857e+03	2.86264e+03	3.27265e+03
5.84000e+02	2.93498e+03	3.07339e+03	2.79256e+03	3.17183e+03
5.85000e+02	3.03477e+03	3.07108e+03	2.85978e+03	3.20332e+03
5.86000e+02	3.05318e+03	3.06980e+03	2.86266e+03	3.22394e+03
5.87000e+02	3.03464e+03	3.06899e+03	2.83595e+03	3.23692e+03
5.88000e+02	3.09443e+03	3.06828e+03	2.86800e+03	3.26558e+03
5.89000e+02	3.05652e+03	3.06982e+03	2.86242e+03	3.22703e+03
5.90000e+02	2.89481e+03	3.07277e+03	2.78029e+03	3.13793e+03
5.91000e+02	3.15616e+03	3.06488e+03	2.88645e+03	3.31659e+03
5.92000e+02	2.95979e+03	3.07156e+03	2.83145e+03	3.14815e+03
5.93000e+02	3.03872e+03	3.06555e+03	2.81464e+03	3.27277e+03
5.94000e+02	2.87729e+03	3.07081e+03	2.76580e+03	3.13251e+03
5.95000e+02	3.06559e+03	3.06261e+03	2.86124e+03	3.23206e+03
5.96000e+02	2.95188e+03	3.06709e+03	2.76892e+03	3.22610e+03
5.97000e+02	3.03237e+03	3.06707e+03	2.82924e+03	3.24472e+03
5.98000e+02	3.00817e+03	3.07187e+03	2.85800e+03	3.17420e+03
5.99000e+02	2.96025e+03	3.06675e+03	2.78500e+03	3.21397e+03
6.00000e+02	3.03459e+03	3.07073e+03	2.85284e+03	3.20993e+03
6.01000e+02	2.98469e+03	3.07052e+03	2.81322e+03	3.20687e+03
6.02000e+02	2.99328e+03	3.06869e+03	2.84601e+03	3.16551e+03
6.03000e+02	3.05826e+03	3.07051e+03	2.86684e+03	3.22100e+03
6.04000e+02	3.01489e+03	3.07229e+03	2.84417e+03	3.19863e+03
6.05000e+02	3.02536e+03	3.07130e+03	2.85997e+03	3.18952e+03
6.06000e+02	3.01512e+03	3.07232e+03	2.84079e+03	3.20511e+03
6.07000e+02	3.02716e+03	3.06304e+03	2.84480e+03	3.21178e+03
6.08000e+02	2.98023e+03	3.07652e+03	2.85667e+03	3.14037e+03
6.09000e+02	3.06719e+03	3.06651e+03	2.85748e+03	3.24783e+03
6.10000e+02	2.97838e+03	3.06886e+03	2.81610e+03	3.19432e+03
6.11000e+02	3.04705e+03	3.06830e+03	2.86838e+03	3.20568e+03
6.12000e+02	3.04869e+03	3.07056e+03	2.86877e+03	3.20714e+03
6.13000e+02	3.10499e+03	3.06679e+03	2.86757e+03	3.27806e+03
6.14000e+02	3.06398e+03	3.06543e+03	2.86152e+03	3.23782e+03
6.15000e+02	2.99675e+03	3.06363e+03	2.79349e+03	3.24957e+03
6.16000e+02	2.95168e+03	3.06750e+03	2.75752e+03	3.24636e+03
6.17000e+02	3.11706e+03	3.06386e+03	2.86951e+03	3.28863e+03
6.18000e+02	2.99491e+03	3.07383e+03	2.85162e+03	3.16718e+03
6.19000e+02	2.96572e+03	3.07213e+03	2.83052e+03	3.15477e+03
6.20000e+02	3.02427e+03	3.06748e+03	2.82409e+03	3.23640e+03
6.21000e+02	3.04395e+03	3.07040e+03	2.86196e+03	3.21033e+03
6.22000e+02	3.05426e+03	3.07039e+03	2.86388e+03	3.22251e+03
6.23000e+02	3.08094e+03	3.06674e+03	2.86275e+03	3.25393e+03
6.24000e+02	3.00724e+03	3.07189e+03	2.85727e+03	3.17289e+03
6.25000e+02	3.02240e+03	3.07110e+03	2.85469e+03	3.19559e+03
6.26000e+02	2.93174e+03	3.07135e+03	2.79744e+03	3.16281e+03
6.27000e+02	3.03118e+03	3.06903e+03	2.85677e+03	3.20325e+03
6.28000e+02	3.00866e+03	3.06924e+03	2.85146e+03	3.17844e+03
6.29000e+02	3.09985e+03	3.06744e+03	2.86345e+03	3.28218e+03
6.30000e+02	2.97781e+03	3.06995e+03	2.81408e+03	3.19379e+03
6.31000e+02	2.96244e+03	3.06939e+03	2.77805e+03	3.22977e+03
6.32000e+02	3.01132e+03	3.07152e+03	2.85087e+03	3.18560e+03
6.33000e+02	2.98980e+03	3.06920e+03	2.78713e+03	3.25080e+03
6.34000e+02	3.00903e+03	3.06673e+03	2.81240e+03	3.23755e+03
6.35000e+02	3.09765e+03	3.06720e+03	2.87735e+03	3.25664e+03
6.36000e+02	3.09539e+03	3.06731e+03	2.88047e+03	3.24768e+03
6.37000e+02	3.07250e+03	3.06797e+03	2.86825e+03	3.23949e+03
6.38000e+02	2.98621e+03	3.07025e+03	2.84707e+03	3.16239e+03
6.39000e+02	3.04448e+03	3.06625e+03	2.83452e+03	3.25234e+03
6.40000e+02	3.00164e+03	3.06929e+03	2.84584e+03	3.17845e+03
6.41000e+02	3.03833e+03	3.06998e+03	2.86024e+03	3.20266e+03
6.42000e+02	3.04547e+03	3.06930e+03	2.84907e+03	3.23152e+03
6.43000e+02	2.96772e+03	3.06857e+03	2.81253e+03	3.18555e+03
6.44000e+02	2.93861e+03	3.07256e+03	2.80258e+03	3.16165e+03
6.45000e+02	3.02675e+03	3.06693e+03	2.84635e+03	3.20875e+03
6.46000e+02	2.92612e+03	3.07585e+03	2.80557e+03	3.14112e+03
6.47000e+02	3.03966e+03	3.07082e+03	2.85747e+03	3.21058e+03
6.48000e+02	2.95657e+03	3.06881e+03	2.78764e+03	3.20719e+03
6.49000e+02	3.00017e+03	3.07050e+03	2.83579e+03	3.19330e+03
6.50000e+02	3.02049e+03	3.06178e+03	2.82449e+03	3.23261e+03
6.51000e+02	3.01350e+03	3.06627e+03	2.79912e+03	3.26419e+03
6.52000e+02	2.89813e+03	3.06951e+03	2.74544e+03	3.19201e+03
6.53000e+02	2.99969e+03	3.07163e+03	2.84926e+03	3.17362e+03
6.54000e+02	3.07065e+03	3.06579e+03	2.86463e+03	3.24038e+03
6.55000e+02	3.07200e+03	3.06669e+03	2.86012e+03	3.24969e+03
6.56000e+02	2.99296e+03	3.06889e+03	2.80880e+03	3.22376e+03
6.57000e+02	3.08878e+03	3.07025e+03	2.86921e+03	3.25924e+03
6.58000e+02	3.08171e+03	3.06837e+03	2.86444e+03	3.25530e+03
6.59000e+02	2.97877e+03	3.06934e+03	2.80338e+03	3.21329e+03
6.60000e+02	3.07052e+03	3.06733e+03	2.86375e+03	3.24019e+03
6.61000e+02	3.09827e+03	3.06827e+03	2.86494e+03	3.27424e+03
6.62000e+02	3.05664e+03	3.06297e+03	2.83668e+03	3.26424e+03
6.63000e+02	2.99485e+03	3.07257e+03	2.84725e+03	3.17076e+03
6.64000e+02	3.08797e+03	3.06513e+03	2.86865e+03	3.25375e+03
6.65000e+02	3.08254e+03	3.06576e+03	2.86713e+03	3.25069e+03
6.66000e+02	2.94877e+03	3.07020e+03	2.79305e+03	3.18784e+03
6.67000e+02	3.02360e+03	3.07254e+03	2.85503e+03	3.19550e+03
6.68000e+02	3.12366e+03	3.06543e+03	2.87955e+03	3.28359e+03
6.69000e+02	3.05380e+03	3.06385e+03	2.84451e+03	3.24320e+03
6.70000e+02	3.02851e+03	3.06947e+03	2.84508e+03	3.21476e+03
6.71000e+02	2.95987e+03	3.06983e+03	2.80034e+03	3.19217e+03
6.72000e+02	3.03944e+03	3.06708e+03	2.86430e+03	3.19842e+03
6.73000e+02	3.01573e+03	3.06708e+03	2.80867e+03	3.25423e+03
6.74000e+02	2.98126e+03	3.06845e+03	2.81059e+03	3.20388e+03
6.75000e+02	3.04834e+03	3.06828e+03	2.85846e+03	3.22199e+03
6.76000e+02	3.07834e+03	3.06739e+03	2.86228e+03	3.25347e+03
6.77000e+02	2.98869e+03	3.06750e+03	2.81375e+03	3.21049e+03
6.78000e+02	2.97220e+03	3.07175e+03	2.83600e+03	3.15723e+03
6.79000e+02	2.96126e+03	3.07112e+03	2.81063e+03	3.18130e+03
6.80000e+02	2.95029e+03	3.06937e+03	2.79433e+03	3.18727e+03
6.81000e+02	3.04657e+03	3.06677e+03	2.83914e+03	3.24572e+03
6.82000e+02	2.95169e+03	3.06873e+03	2.80432e+03	3.17448e+03
6.83000e+02	3.03580e+03	3.06983e+03	2.84513e+03	3.22307e+03
6.84000e+02	3.01010e+03	3.07246e+03	2.85572e+03	3.17693e+03
6.85000e+02	3.11378e+03	3.06640e+03	2.84742e+03	3.31812e+03
6.86000e+02	3.00122e+03	3.07273e+03	2.85545e+03	3.16847e+03
6.87000e+02	2.99251e+03	3.07310e+03	2.85814e+03	3.15475e+03
6.88000e+02	2.94889e+03	3.06961e+03	2.82127e+03	3.14578e+03
6.89000e+02	2.94920e+03	3.07104e+03	2.81598e+03	3.15719e+03
6.90000e+02	3.03270e+03	3.06724e+03	2.82841e+03	3.24455e+03
6.91000e+02	3.00701e+03	3.06631e+03	2.81343e+03	3.23248e+03
6.92000e+02	2.88314e+03	3.07075e+03	2.73785e+03	3.18470e+03
6.93000e+02	3.01727e+03	3.06860e+03	2.85202e+03	3.19202e+03
6.94000e+02	2.93347e+03	3.07280e+03	2.80880e+03	3.14450e+03
6.95000e+02	3.08479e+03	3.06579e+03	2.86916e+03	3.25291e+03
6.96000e+02	3.06292e+03	3.06731e+03	2.85405e+03	3.24223e+03
6.97000e+02	3.06174e+03	3.06653e+03	2.86856e+03	3.22244e+03
6.98000e+02	3.06479e+03	3.06829e+03	2.86003e+03	3.23695e+03
6.99000e+02	3.05693e+03	3.06744e+03	2.84864e+03	3.24636e+03
7.00000e+02	2.97563e+03	3.07151e+03	2.81891e+03	3.18618e+03
7.01000e+02	3.11654e+03	3.06579e+03	2.87973e+03	3.27423e+03
7.02000e+02	3.02203e+03	3.07241e+03	2.85634e+03	3.19294e+03
7.03000e+02	3.02126e+03	3.06860e+03	2.84833e+03	3.20052e+03
7.04000e+02	3.03584e+03	3.07032e+03	2.84999e+03	3.21767e+03
7.05000e+02	3.03360e+03	3.06989e+03	2.85359e+03	3.20408e+03
7.06000e+02	2.95406e+03	3.06788e+03	2.75476e+03	3.25595e+03
7.07000e+02	2.97111e+03	3.07154e+03	2.81946e+03	3.18278e+03
7.08000e+02	3.03989e+03	3.06454e+03	2.84716e+03	3.22535e+03
7.09000e+02	3.04519e+03	3.06930e+03	2.85520e+03	3.21894e+03
7.10000e+02	2.97059e+03	3.07015e+03	2.80854e+03	3.19436e+03
7.11000e+02	2.93638e+03	3.07157e+03	2.80189e+03	3.15822e+03
7.12000e+02	2.90822e+03	3.07232e+03	2.77361e+03	3.16190e+03
7.13000e+02	2.95836e+03	3.07393e+03	2.82958e+03	3.14940e+03
7.14000e+02	2.95737e+03	3.06834e+03	2.78789e+03	3.20530e+03
7.15000e+02	3.02980e+03	3.07182e+03	2.86013e+03	3.19760e+03
7.16000e+02	3.02068e+03	3.06242e+03	2.80582e+03	3.25826e+03
7.17000e+02	3.10555e+03	3.06767e+03	2.87412e+03	3.27039e+03
7.18000e+02	2.93036e+03	3.07339e+03	2.81294e+03	3.13541e+03
7.19000e+02	2.98171e+03	3.07080e+03	2.85458e+03	3.14284e+03
7.20000e+02	2.94079e+03	3.06921e+03	2.78930e+03	3.17986e+03
7.21000e+02	3.02594e+03	3.07050e+03	2.85531e+03	3.19647e+03
7.22000e+02	2.98839e+03	3.06971e+03	2.83990e+03	3.17322e+03
7.23000e+02	3.03467e+03	3.07171e+03	2.86188e+03	3.19829e+03
7.24000e+02	3.07321e+03	3.06741e+03	2.87037e+03	3.23284e+03
7.25000e+02	3.00111e+03	3.07075e+03	2.84589e+03	3.18063e+03
7.26000e+02	3.06482e+03	3.06813e+03	2.86227e+03	3.23467e+03
7.27000e+02	3.05069e+03	3.06836e+03	2.86208e+03	3.21952e+03
7.28000e+02	3.02159e+03	3.06556e+03	2.80860e+03	3.25790e+03
7.29000e+02	2.99280e+03	3.07147e+03	2.84203e+03	3.17322e+03
7.30000e+02	2.98194e+03	3.07336e+03	2.83181e+03	3.17723e+03
7.31000e+02	3.11233e+03	3.06493e+03	2.87544e+03	3.27688e+03
7.32000e+02	3.02996e+03	3.06702e+03	2.84654e+03	3.21264e+03
7.33000e+02	3.07331e+03	3.07053e+03	2.87045e+03	3.23810e+03
7.34000e+02	2.92471e+03	3.07541e+03	2.79550e+03	3.15603e+03
7.35000e+02	2.92830e+03	3.07314e+03	2.80568e+03	3.14296e+03
7.36000e+02	2.93322e+03	3.06846e+03	2.78122e+03	3.18481e+03
7.37000e+02	3.05751e+03	3.06265e+03	2.80040e+03	3.31741e+03
7.38000e+02	2.94847e+03	3.07394e+03	2.82312e+03	3.14598e+03
7.39000e+02	2.93431e+03	3.06991e+03	2.76861e+03	3.20436e+03
7.40000e+02	3.02579e+03	3.06804e+03	2.85864e+03	3.19078e+03
7.41000e+02	2.93017e+03	3.07055e+03	2.77840e+03	3.18465e+03
7.42000e+02	3.05950e+03	3.06680e+03	2.85201e+03	3.24366e+03
7.43000e+02	3.03132e+03	3.07139e+03	2.85460e+03	3.20623e+03
7.44000e+02	3.04667e+03	3.06671e+03	2.85722e+03	3.21749e+03
7.45000e+02	3.03528e+03	3.06961e+03	2.84664e+03	3.22304e+03
7.46000e+02	3.01464e+03	3.07315e+03	2.85939e+03	3.17759e+03
7.47000e+02	2.91525e+03	3.07199e+03	2.79399e+03	3.14371e+03
7.48000e+02	2.97574e+03	3.07179e+03	2.81747e+03	3.18771e+03
7.49000e+02	2.97239e+03	3.06770e+03	2.79612e+03	3.21150e+03
7.50000e+02	2.95551e+03	3.06928e+03	2.80322e+03	3.18155e+03
7.51000e+02	3.00277e+03	3.07001e+03	2.85014e+03	3.17443e+03
7.52000e+02	3.05305e+03	3.06610e+03	2.85044e+03	3.23527e+03
7.53000e+02	3.10515e+03	3.06539e+03	2.87884e+03	3.25956e+03
7.54000e+02	3.04008e+03	3.07011e+03	2.85708e+03	3.21364e+03
7.55000e+02	3.07489e+03	3.06644e+03	2.85663e+03	3.25563e+03
7.56000e+02	2.88203e+03	3.07164e+03	2.74094e+03	3.17865e+03
7.57000e+02	3.00054e+03	3.07071e+03	2.82052e+03	3.21528e+03
7.58000e+02	3.04386e+03	3.06914e+03	2.84765e+03	3.23041e+03
7.59000e+02	2.91596e+03	3.07197e+03	2.78718e+03	3.15392e+03
7.60000e+02	3.01735e+03	3.06657e+03	2.82485e+03	3.22820e+03
7.61000e+02	2.83866e+03	3.06996e+03	2.72288e+03	3.14206e+03
7.62000e+02	2.99666e+03	3.07220e+03	2.86511e+03	3.14762e+03
7.63000e+02	3.00694e+03	3.06947e+03	2.84359e+03	3.19069e+03
7.64000e+02	3.05236e+03	3.06569e+03	2.86301e+03	3.21612e+03
7.65000e+02	2.98917e+03	3.06629e+03	2.78757e+03	3.25117e+03
7.66000e+02	3.06105e+03	3.06885e+03	2.85167e+03	3.24777e+03
7.67000e+02	2.99518e+03	3.06995e+03	2.84243e+03	3.17585e+03
7.68000e+02	3.03079e+03	3.06681e+03	2.86097e+03	3.19138e+03
7.69000e+02	2.97926e+03	3.07042e+03	2.83293e+03	3.16711e+03
7.70000e+02	3.02599e+03	3.06964e+03	2.85648e+03	3.19480e+03
7.71000e+02	2.97962e+03	3.06915e+03	2.82854e+03	3.17374e+03
7.72000e+02	3.02343e+03	3.07121e+03	2.84584e+03	3.20814e+03
7.73000e+02	2.97140e+03	3.07219e+03	2.81752e+03	3.18062e+03
7.74000e+02	3.04369e+03	3.06871e+03	2.84933e+03	3.22883e+03
7.75000e+02	2.97032e+03	3.07186e+03	2.83779e+03	3.15014e+03
7.76000e+02	2.92116e+03	3.07119e+03	2.78419e+03	3.16380e+03
7.77000e+02	2.94482e+03	3.07166e+03	2.79826e+03	3.17608e+03
7.78000e+02	2.86255e+03	3.07191e+03	2.73189e+03	3.16288e+03
7.79000e+02	2.99470e+03	3.06960e+03	2.84952e+03	3.16489e+03
7.80000e+02	3.03115e+03	3.06828e+03	2.86419e+03	3.19072e+03
7.81000e+02	2.95926e+03	3.06976e+03	2.81146e+03	3.17407e+03
7.82000e+02	3.09205e+03	3.06458e+03	2.87842e+03	3.24345e+03
7.83000e+02	3.08265e+03	3.06771e+03	2.86956e+03	3.24814e+03
7.84000e+02	3.02856e+03	3.06875e+03	2.85856e+03	3.19860e+03
7.85000e+02	2.93006e+03	3.06752e+03	2.76173e+03	3.20899e+03
7.86000e+02	2.96181e+03	3.06579e+03	2.78356e+03	3.21771e+03
7.87000e+02	2.96338e+03	3.07271e+03	2.82641e+03	3.15764e+03
7.88000e+02	3.03521e+03	3.07190e+03	2.85590e+03	3.20789e+03
7.89000e+02	3.02462e+03	3.07019e+03	2.85497e+03	3.19512e+03
7.90000e+02	3.02549e+03	3.07058e+03	2.85921e+03	3.19001e+03
7.91000e+02	3.00358e+03	3.07300e+03	2.84944e+03	3.17747e+03
7.92000e+02	2.95775e+03	3.07174e+03	2.80457e+03	3.18457e+03
7.93000e+02	3.04102e+03	3.06889e+03	2.85238e+03	3.21878e+03
7.94000e+02	2.98594e+03	3.06475e+03	2.79900e+03	3.22771e+03
7.95000e+02	3.01204e+03	3.07115e+03	2.85712e+03	3.17799e+03
7.96000e+02	2.94274e+03	3.07407e+03	2.81023e+03	3.15492e+03
7.97000e+02	2.89350e+03	3.07276e+03	2.76936e+03	3.14971e+03
7.98000e+02	3.01159e+03	3.06943e+03	2.84672e+03	3.19186e+03
7.99000e+02	2.99353e+03	3.06825e+03	2.82248e+03	3.20292e+03
8.00000e+02	3.06245e+03	3.06528e+03	2.85463e+03	3.24325e+03
8.01000e+02	3.03021e+03	3.06629e+03	2.85926e+03	3.19602e+03
8.02000e+02	2.95551e+03	3.07535e+03	2.84608e+03	3.12266e+03
8.03000e+02	3.03895e+03	3.06842e+03	2.85524e+03	3.21295e+03
8.04000e+02	2.97685e+03	3.07312e+03	2.85295e+03	3.14204e+03
8.05000e+02	3.05092e+03	3.06840e+03	2.87353e+03	3.20343e+03
8.06000e+02	3.03561e+03	3.06940e+03	2.86256e+03	3.19831e+03
8.07000e+02	2.95545e+03	3.07314e+03	2.80831e+03	3.17377e+03
8.08000e+02	3.02777e+03	3.06432e+03	2.81696e+03	3.25305e+03
8.09000e+02	2.95121e+03	3.06795e+03	2.79615e+03	3.18529e+03
8.10000e+02	2.99208e+03	3.07061e+03	2.83851e+03	3.17788e+03
8.11000e+02	2.99564e+03	3.07366e+03	2.84528e+03	3.17259e+03
8.12000e+02	3.06049e+03	3.06699e+03	2.86376e+03	3.22692e+03
8.13000e+02	2.94448e+03	3.06627e+03	2.79303e+03	3.18083e+03
8.14000e+02	3.00442e+03	3.06700e+03	2.82012e+03	3.22040e+03
8.15000e+02	2.98727e+03	3.07164e+03	2.84583e+03	3.16126e+03
8.16000e+02	2.96994e+03	3.07125e+03	2.82837e+03	3.16387e+03
8.17000e+02	3.01407e+03	3.07062e+03	2.85136e+03	3.18707e+03
8.18000e+02	2.97776e+03	3.07168e+03	2.83607e+03	3.16549e+03
8.19000e+02	2.97468e+03	3.07193e+03	2.83170e+03	3.16327e+03
8.20000e+02	3.02440e+03	3.06909e+03	2.86014e+03	3.18839e+03
8.21000e+02	2.94249e+03	3.06917e+03	2.80993e+03	3.15449e+03
8.22000e+02	2.98504e+03	3.07271e+03	2.85042e+03	3.15307e+03
8.23000e+02	2.98052e+03	3.07173e+03	2.83871e+03	3.16245e+03
8.24000e+02	3.07565e+03	3.06529e+03	2.86475e+03	3.24270e+03
8.25000e+02	2.99598e+03	3.06761e+03	2.81943e+03	3.20877e+03
8.26000e+02	2.95981e+03	3.06934e+03	2.82383e+03	3.15779e+03
8.27000e+02	3.05195e+03	3.06696e+03	2.86748e+03	3.21103e+03
8.28000e+02	2.97293e+03	3.07299e+03	2.84968e+03	3.13841e+03
8.29000e+02	3.03088e+03	3.07092e+03	2.85587e+03	3.20243e+03
8.30000e+02	2.97890e+03	3.06752e+03	2.83860e+03	3.15971e+03
8.31000e+02	3.05877e+03	3.06850e+03	2.86227e+03	3.22716e+03
8.32000e+02	3.04769e+03	3.06868e+03	2.84777e+03	3.23713e+03
8.33000e+02	2.99027e+03	3.07164e+03	2.83963e+03	3.17472e+03
8.34000e+02	2.97011e+03	3.07154e+03	2.84036e+03	3.14561e+03
8.35000e+02	2.99373e+03	3.06643e+03	2.81103e+03	3.21867e+03
8.36000e+02	2.95152e+03	3.07077e+03	2.82688e+03	3.14123e+03
8.37000e+02	3.02444e+03	3.06399e+03	2.80609e+03	3.26930e+03
8.38000e+02	2.99832e+03	3.07049e+03	2.84473e+03	3.17824e+03
8.39000e+02	3.04234e+03	3.06779e+03	2.86055e+03	3.20731e+03
8.40000e+02	2.98402e+03	3.07115e+03	2.84725e+03	3.15679e+03
8.41000e+02	3.06247e+03	3.06677e+03	2.85747e+03	3.23704e+03
8.42000e+02	3.03097e+03	3.06629e+03	2.84913e+03	3.21135e+03
8.43000e+02	2.96104e+03	3.07562e+03	2.82083e+03	3.16390e+03
8.44000e+02	3.08668e+03	3.06668e+03	2.86718e+03	3.25855e+03
8.45000e+02	3.04063e+03	3.06688e+03	2.84550e+03	3.23116e+03
8.46000e+02	3.07181e+03	3.06684e+03	2.85918e+03	3.25046e+03
8.47000e+02	2.98924e+03	3.07284e+03	2.83755e+03	3.17620e+03
8.48000e+02	3.06676e+03	3.06601e+03	2.86883e+03	3.22825e+03
8.49000e+02	3.04144e+03	3.07049e+03	2.86094e+03	3.20793e+03
8.50000e+02	3.05694e+03	3.06698e+03	2.84033e+03	3.25869e+03
8.51000e+02	2.91866e+03	3.07082e+03	2.77987e+03	3.16675e+03
8.52000e+02	3.08172e+03	3.06679e+03	2.86986e+03	3.24647e+03
8.53000e+02	2.97818e+03	3.06415e+03	2.80818e+03	3.20156e+03
8.54000e+02	3.00936e+03	3.07046e+03	2.85574e+03	3.17526e+03
8.55000e+02	2.95347e+03	3.06943e+03	2.79095e+03	3.19669e+03
8.56000e+02	3.05831e+03	3.06665e+03	2.85361e+03	3.24063e+03
8.57000e+02	3.04193e+03	3.06488e+03	2.82401e+03	3.26287e+03
8.58000e+02	2.99126e+03	3.06468e+03	2.81824e+03	3.20634e+03
8.59000e+02	3.03535e+03	3.06582e+03	2.86096e+03	3.19727e+03
8.60000e+02	3.04799e+03	3.06894e+03	2.86459e+03	3.21296e+03
8.61000e+02	3.02829e+03	3.07047e+03	2.84783e+03	3.21152e+03
8.62000e+02	2.88702e+03	3.07170e+03	2.76057e+03	3.15253e+03
8.63000e+02	2.98378e+03	3.06768e+03	2.80824e+03	3.20968e+03
8.64000e+02	3.00518e+03	3.06862e+03	2.81601e+03	3.22654e+03
8.65000e+02	3.01886e+03	3.06896e+03	2.85855e+03	3.18600e+03
8.66000e+02	3.00092e+03	3.07149e+03	2.85599e+03	3.16474e+03
8.67000e+02	3.03829e+03	3.06656e+03	2.83781e+03	3.23709e+03
8.68000e+02	3.00466e+03	3.06865e+03	2.84120e+03	3.18848e+03
8.69000e+02	2.99985e+03	3.07182e+03	2.85743e+03	3.16086e+03
8.70000e+02	3.03905e+03	3.06831e+03	2.86143e+03	3.20565e+03
8.71000e+02	3.02189e+03	3.06640e+03	2.83361e+03	3.22130e+03
8.72000e+02	3.05801e+03	3.06633e+03	2.84246e+03	3.25704e+03
8.73000e+02	3.00053e+03	3.06800e+03	2.83723e+03	3.18980e+03
8.74000e+02	2.95153e+03	3.07067e+03	2.79681e+03	3.18764e+03
8.75000e+02	2.96488e+03	3.07191e+03	2.83043e+03	3.15326e+03
8.76000e+02	3.01359e+03	3.06904e+03	2.84429e+03	3.19699e+03
8.77000e+02	3.08654e+03	3.06706e+03	2.87146e+03	3.24970e+03
8.78000e+02	3.07187e+03	3.06706e+03	2.85111e+03	3.26319e+03
8.79000e+02	2.98192e+03	3.06833e+03	2.81143e+03	3.20310e+03
8.80000e+02	3.00515e+03	3.07241e+03	2.85555e+03	3.17047e+03
8.81000e+02	3.03912e+03	3.06790e+03	2.86000e+03	3.20729e+03
8.82000e+02	3.03025e+03	3.06856e+03	2.86170e+03	3.19563e+03
8.83000e+02	3.00908e+03	3.07216e+03	2.85974e+03	3.16960e+03
8.84000e+02	2.97095e+03	3.07137e+03	2.82397e+03	3.17004e+03
8.85000e+02	2.97827e+03	3.07293e+03	2.82613e+03	3.17753e+03
8.86000e+02	3.04698e+03	3.06916e+03	2.86079e+03	3.21602e+03
8.87000e+02	2.97072e+03	3.06860e+03	2.79789e+03	3.20902e+03
8.88000e+02	2.97861e+03	3.06826e+03	2.81424e+03	3.19470e+03
8.89000e+02	2.94578e+03	3.07284e+03	2.80016e+03	3.17405e+03
8.90000e+02	3.05478e+03	3.06670e+03	2.86803e+03	3.21540e+03
8.91000e+02	3.06030e+03	3.06785e+03	2.86270e+03	3.22889e+03
8.92000e+02	3.11345e+03	3.06490e+03	2.87642e+03	3.27667e+03
8.93000e+02	2.97864e+03	3.06817e+03	2.80978e+03	3.20131e+03
8.94000e+02	3.00426e+03	3.07162e+03	2.84668e+03	3.18504e+03
8.95000e+02	2.96097e+03	3.06407e+03	2.76288e+03	3.24849e+03
8.96000e+02	3.03362e+03	3.06628e+03	2.86764e+03	3.18728e+03
8.97000e+02	3.08729e+03	3.06420e+03	2.85453e+03	3.27501e+03
8.98000e+02	3.06444e+03	3.06631e+03	2.87105e+03	3.22316e+03
8.99000e+02	3.03508e+03	3.06889e+03	2.86025e+03	3.20164e+03
9.00000e+02	3.10440e+03	3.06454e+03	2.87761e+03	3.26189e+03
9.01000e+02	3.04214e+03	3.06368e+03	2.82934e+03	3.25565e+03
9.02000e+02	3.00791e+03	3.07053e+03	2.84195e+03	3.19477e+03
9.03000e+02	3.05810e+03	3.06743e+03	2.87156e+03	3.21355e+03
9.04000e+02	3.03904e+03	3.07008e+03	2.86155e+03	3.20528e+03
9.05000e+02	2.97876e+03	3.07071e+03	2.83783e+03	3.16399e+03
9.06000e+02	3.02902e+03	3.06812e+03	2.84255e+03	3.22053e+03
9.07000e+02	3.09268e+03	3.06624e+03	2.87420e+03	3.25324e+03
9.08000e+02	2.94757e+03	3.06905e+03	2.79622e+03	3.18180e+03
9.09000e+02	3.03240e+03	3.06838e+03	2.84869e+03	3.21580e+03
9.10000e+02	2.99805e+03	3.07199e+03	2.83737e+03	3.18752e+03
9.11000e+02	3.04842e+03	3.06473e+03	2.84932e+03	3.22987e+03
9.12000e+02	2.93303e+03	3.06874e+03	2.79636e+03	3.16150e+03
9.13000e+02	3.08256e+03	3.06463e+03	2.87182e+03	3.24181e+03
9.14000e+02	2.98409e+03	3.07192e+03	2.84428e+03	3.16098e+03
9.15000e+02	3.02044e+03	3.06939e+03	2.86181e+03	3.18032e+03
9.16000e+02	3.05115e+03	3.06859e+03	2.86372e+03	3.21618e+03
9.17000e+02	2.95429e+03	3.06991e+03	2.83206e+03	3.13826e+03
9.18000e+02	2.95430e+03	3.06843e+03	2.78047e+03	3.21272e+03
9.19000e+02	3.00490e+03	3.07001e+03	2.82505e+03	3.21360e+03
9.20000e+02	3.03421e+03	3.06907e+03	2.85168e+03	3.21297e+03
9.21000e+02	3.04883e+03	3.06698e+03	2.86894e+03	3.20485e+03
9.22000e+02	3.03412e+03	3.06769e+03	2.85839e+03	3.20259e+03
9.23000e+02	2.96670e+03	3.07127e+03	2.82811e+03	3.15948e+03
9.24000e+02	3.00461e+03	3.07033e+03	2.85051e+03	3.17655e+03
9.25000e+02	2.99920e+03	3.07307e+03	2.85511e+03	3.16459e+03
9.26000e+02	3.02932e+03	3.06895e+03	2.86002e+03	3.19089e+03
9.27000e+02	3.03683e+03	3.06886e+03	2.86515e+03	3.19579e+03
9.28000e+02	2.98877e+03	3.07374e+03	2.85166e+03	3.15607e+03
9.29000e+02	3.05182e+03	3.07021e+03	2.86940e+03	3.21028e+03
9.30000e+02	3.00902e+03	3.06867e+03	2.85113e+03	3.17889e+03
9.31000e+02	2.99923e+03	3.06857e+03	2.85090e+03	3.16646e+03
9.32000e+02	3.00145e+03	3.07096e+03	2.85302e+03	3.16945e+03
9.33000e+02	3.07081e+03	3.06558e+03	2.86116e+03	3.24140e+03
9.34000e+02	3.02050e+03	3.07011e+03	2.85299e+03	3.19250e+03
9.35000e+02	3.05094e+03	3.07068e+03	2.86389e+03	3.21603e+03
9.36000e+02	3.11400e+03	3.06658e+03	2.87468e+03	3.28171e+03
9.37000e+02	2.96868e+03	3.06728e+03	2.80120e+03	3.19972e+03
9.38000e+02	3.06606e+03	3.06591e+03	2.87211e+03	3.22174e+03
9.39000e+02	3.01482e+03	3.07151e+03	2.86328e+03	3.17332e+03
9.40000e+02	3.07005e+03	3.06758e+03	2.86426e+03	3.23869e+03
9.41000e+02	3.04056e+03	3.06454e+03	2.82250e+03	3.26379e+03
9.42000e+02	2.90719e+03	3.07156e+03	2.78873e+03	3.14074e+03
9.43000e+02	3.07660e+03	3.06974e+03	2.87345e+03	3.23418e+03
9.44000e+02	2.98162e+03	3.07134e+03	2.83866e+03	3.16374e+03
9.45000e+02	2.99000e+03	3.06888e+03	2.81610e+03	3.20741e+03
9.46000e+02	3.03212e+03	3.06801e+03	2.86549e+03	3.19131e+03
9.47000e+02	3.07226e+03	3.06475e+03	2.83175e+03	3.28741e+03
9.48000e+02	3.02283e+03	3.06873e+03	2.84609e+03	3.20850e+03
9.49000e+02	3.00654e+03	3.06996e+03	2.83714e+03	3.19874e+03
9.50000e+02	3.03162e+03	3.06605e+03	2.84291e+03	3.22117e+03
9.51000e+02	3.03171e+03	3.07033e+03	2.86115e+03	3.19592e+03
9.52000e+02	3.05551e+03	3.06658e+03	2.85366e+03	3.23706e+03
9.53000e+02	2.95050e+03	3.07136e+03	2.80747e+03	3.17054e+03
9.54000e+02	2.91507e+03	3.06978e+03	2.76940e+03	3.17730e+03
9.55000e+02	3.00263e+03	3.06904e+03	2.84413e+03	3.18250e+03
9.56000e+02	2.98979e+03	3.06921e+03	2.84832e+03	3.15814e+03
9.57000e+02	2.99441e+03	3.07155e+03	2.84662e+03	3.16765e+03
9.58000e+02	3.06140e+03	3.06448e+03	2.84960e+03	3.24660e+03
9.59000e+02	3.02481e+03	3.06623e+03	2.81622e+03	3.25119e+03
9.60000e+02	3.03587e+03	3.06423e+03	2.83924e+03	3.23493e+03
9.61000e+02	2.90684e+03	3.07165e+03	2.78142e+03	3.14931e+03
9.62000e+02	2.97468e+03	3.06829e+03	2.77221e+03	3.25319e+03
9.63000e+02	2.91149e+03	3.06950e+03	2.75840e+03	3.18847e+03
9.64000e+02	2.96448e+03	3.07152e+03	2.81920e+03	3.16975e+03
9.65000e+02	2.99101e+03	3.06649e+03	2.82473e+03	3.19341e+03
9.66000e+02	2.97866e+03	3.06827e+03	2.83422e+03	3.16628e+03
9.67000e+02	3.06364e+03	3.06750e+03	2.86665e+03	3.22860e+03
9.68000e+02	3.01146e+03	3.06927e+03	2.84419e+03	3.19436e+03
9.69000e+02	2.97883e+03	3.06911e+03	2.80560e+03	3.21033e+03
9.70000e+02	2.98770e+03	3.07119e+03	2.82827e+03	3.18603e+03
9.71000e+02	3.06069e+03	3.06849e+03	2.85541e+03	3.24001e+03
9.72000e+02	2.97960e+03	3.07106e+03	2.84257e+03	3.15625e+03
9.73000e+02	2.91499e+03	3.07325e+03	2.78611e+03	3.15492e+03
9.74000e+02	2.94759e+03	3.07124e+03	2.79616e+03	3.18289e+03
9.75000e+02	3.01085e+03	3.06939e+03	2.84025e+03	3.19781e+03
9.76000e+02	3.04645e+03	3.06968e+03	2.86733e+03	3.20612e+03
9.77000e+02	3.02927e+03	3.06946e+03	2.84996e+03	3.21023e+03
9.78000e+02	3.07340e+03	3.06647e+03	2.87343e+03	3.22943e+03
9.79000e+02	3.00126e+03	3.07255e+03	2.84995e+03	3.17393e+03
9.80000e+02	3.04253e+03	3.06835e+03	2.86532e+03	3.20302e+03
9.81000e+02	3.00473e+03	3.06900e+03	2.84236e+03	3.18725e+03
9.82000e+02	3.01343e+03	3.06989e+03	2.85910e+03	3.17568e+03
9.83000e+02	3.05866e+03	3.06632e+03	2.86667e+03	3.22138e+03
9.84000e+02	3.08344e+03	3.06656e+03	2.87059e+03	3.24636e+03
9.85000e+02	3.04511e+03	3.06989e+03	2.87314e+03	3.19754e+03
9.86000e+02	2.96450e+03	3.07250e+03	2.84397e+03	3.13558e+03
9.87000e+02	2.98467e+03	3.07213e+03	2.85024e+03	3.15148e+03
9.88000e+02	3.05691e+03	3.06817e+03	2.86671e+03	3.21794e+03
9.89000e+02	3.05144e+03	3.06859e+03	2.86982e+03	3.20983e+03
9.90000e+02	3.05571e+03	3.06568e+03	2.86206e+03	3.22386e+03
9.91000e+02	3.02645e+03	3.06765e+03	2.84688e+03	3.20821e+03
9.92000e+02	3.06704e+03	3.06515e+03	2.86093e+03	3.24007e+03
9.93000e+02	2.99796e+03	3.07087e+03	2.83403e+03	3.19191e+03
9.94000e+02	3.00303e+03	3.06454e+03	2.79999e+03	3.24698e+03
9.95000e+02	3.03640e+03	3.06992e+03	2.85844e+03	3.20568e+03
9.96000e+02	3.04454e+03	3.06738e+03	2.86301e+03	3.20923e+03
9.97000e+02	3.03332e+03	3.06883e+03	2.85722e+03	3.20567e+03
9.98000e+02	2.93559e+03	3.07240e+03	2.80868e+03	3.14765e+03
9.99000e+02	3.05134e+03	3.06736e+03	2.86196e+03	3.21667e+03
1.00000e+03	3.08926e+03	3.06699e+03	2.86775e+03	3.25740e+03
1.00100e+03	3.01892e+03	3.06700e+03	2.84215e+03	3.20689e+03
1.00200e+03	2.99219e+03	3.07064e+03	2.85095e+03	3.15953e+03
1.00300e+03	2.99700e+03	3.07098e+03	2.85258e+03	3.16423e+03
1.00400e+03	3.02168e+03	3.07045e+03	2.84837e+03	3.20194e+03
1.00500e+03	2.96549e+03	3.07093e+03	2.82432e+03	3.16444e+03
1.00600e+03	3.02236e+03	3.06929e+03	2.86061e+03	3.18312e+03
1.00700e+03	2.91226e+03	3.06989e+03	2.75790e+03	3.19082e+03
1.00800e+03	2.90886e+03	3.07018e+03	2.75851e+03	3.18359e+03
1.00900e+03	3.02999e+03	3.06464e+03	2.82841e+03	3.24037e+03
1.01000e+03	2.94691e+03	3.07006e+03	2.80160e+03	3.17331e+03
1.01100e+03	2.99269e+03	3.07109e+03	2.86045e+03	3.14827e+03
1.01200e+03	3.01724e+03	3.06783e+03	2.85669e+03	3.17949e+03
1.01300e+03	3.10121e+03	3.06615e+03	2.88307e+03	3.24999e+03
1.01400e+03	3.01994e+03	3.07019e+03	2.86691e+03	3.17307e+03
1.01500e+03	2.92955e+03	3.07238e+03	2.79454e+03	3.15900e+03
1.01600e+03	2.98330e+03	3.07242e+03	2.84963e+03	3.15235e+03
1.01700e+03	2.97872e+03	3.06957e+03	2.80427e+03	3.20952e+03
1.01800e+03	3.03232e+03	3.06833e+03	2.85829e+03	3.19861e+03
1.01900e+03	3.04329e+03	3.06784e+03	2.86103e+03	3.20894e+03
1.02000e+03	3.06368e+03	3.06671e+03	2.86796e+03	3.22288e+03
1.02100e+03	3.08201e+03	3.06510e+03	2.86385e+03	3.25470e+03
1.02200e+03	3.05800e+03	3.06762e+03	2.86265e+03	3.22604e+03
1.02300e+03	3.05629e+03	3.06725e+03	2.86308e+03	3.22405e+03
1.02400e+03	3.00788e+03	3.07151e+03	2.84865e+03	3.18322e+03
