1.00000e+00	2.53807e+03	2.23714e+03
2.00000e+00	3.41880e+03	2.71739e+03
3.00000e+00	4.00534e+03	3.67197e+03
4.00000e+00	4.19287e+03	3.69344e+03
5.00000e+00	4.38596e+03	3.69004e+03
6.00000e+00	4.42804e+03	3.99202e+03
7.00000e+00	4.45293e+03	4.04858e+03
8.00000e+00	4.57666e+03	4.03023e+03
9.00000e+00	4.59888e+03	4.47316e+03
1.00000e+01	4.65549e+03	4.34783e+03
1.10000e+01	4.70689e+03	4.27517e+03
1.20000e+01	4.72441e+03	4.71884e+03
1.30000e+01	4.77239e+03	4.53752e+03
1.40000e+01	4.81762e+03	4.46144e+03
1.50000e+01	4.81850e+03	4.84340e+03
1.60000e+01	4.89596e+03	4.67290e+03
1.70000e+01	4.89068e+03	4.58345e+03
1.80000e+01	4.89396e+03	4.92341e+03
1.90000e+01	4.94148e+03	4.77627e+03
2.00000e+01	4.96278e+03	4.65658e+03
2.10000e+01	4.97748e+03	5.00357e+03
2.20000e+01	4.97963e+03	4.84155e+03
2.30000e+01	5.00653e+03	4.73738e+03
2.40000e+01	5.00835e+03	5.04414e+03
2.50000e+01	5.04032e+03	4.88759e+03
2.60000e+01	5.05050e+03	4.79528e+03
2.70000e+01	5.06377e+03	5.08954e+03
2.80000e+01	5.06421e+03	4.93045e+03
2.90000e+01	5.08683e+03	4.83333e+03
3.00000e+01	5.08302e+03	5.12908e+03
3.10000e+01	4.98392e+03	5.05133e+03
3.20000e+01	5.07132e+03	5.08582e+03
3.30000e+01	5.08945e+03	5.07692e+03
3.40000e+01	5.08830e+03	5.09822e+03
3.50000e+01	5.11023e+03	5.09684e+03
3.60000e+01	5.08906e+03	5.11727e+03
3.70000e+01	5.11757e+03	5.12678e+03
3.80000e+01	5.10204e+03	5.11716e+03
3.90000e+01	5.12013e+03	5.13225e+03
4.00000e+01	5.11313e+03	5.14403e+03
4.10000e+01	5.13013e+03	5.15011e+03
4.20000e+01	5.12695e+03	5.15717e+03
4.30000e+01	5.15464e+03	5.16579e+03
4.40000e+01	5.13779e+03	5.16190e+03
4.50000e+01	5.15818e+03	5.17717e+03
4.60000e+01	5.15753e+03	5.18544e+03
4.70000e+01	5.16767e+03	5.18021e+03
4.80000e+01	5.16518e+03	5.18471e+03
4.90000e+01	5.16714e+03	5.19949e+03
5.00000e+01	5.19642e+03	5.14033e+03
5.10000e+01	5.17767e+03	5.14372e+03
5.20000e+01	5.18962e+03	5.16180e+03
5.30000e+01	5.18692e+03	5.12424e+03
5.40000e+01	5.17638e+03	5.17638e+03
5.50000e+01	5.19800e+03	5.16675e+03
5.60000e+01	5.20059e+03	5.17464e+03
5.70000e+01	5.18370e+03	5.17288e+03
5.80000e+01	5.21161e+03	5.18876e+03
5.90000e+01	5.20558e+03	5.15734e+03
6.00000e+01	5.21241e+03	5.19391e+03
6.10000e+01	5.20522e+03	5.18223e+03
6.20000e+01	5.22722e+03	5.17400e+03
6.30000e+01	5.20876e+03	5.18092e+03
6.40000e+01	5.22065e+03	5.21215e+03
6.50000e+01	5.21335e+03	5.25422e+03
6.60000e+01	5.22483e+03	5.26106e+03
6.70000e+01	5.21523e+03	5.26192e+03
6.80000e+01	5.22755e+03	5.26560e+03
6.90000e+01	5.22767e+03	5.26476e+03
7.00000e+01	5.23756e+03	5.26474e+03
7.10000e+01	5.22059e+03	5.27254e+03
7.20000e+01	5.21777e+03	5.26932e+03
7.30000e+01	5.23560e+03	5.27647e+03
7.40000e+01	5.23560e+03	5.28081e+03
7.50000e+01	5.23670e+03	5.27686e+03
7.60000e+01	5.23200e+03	5.28108e+03
7.70000e+01	5.21221e+03	5.28048e+03
7.80000e+01	5.24617e+03	5.27669e+03
7.90000e+01	5.25022e+03	5.28676e+03
8.00000e+01	5.23903e+03	5.28681e+03
8.10000e+01	5.25974e+03	5.25769e+03
8.20000e+01	5.24632e+03	5.29511e+03
8.30000e+01	5.25549e+03	5.28831e+03
8.40000e+01	5.24345e+03	5.29601e+03
8.50000e+01	5.25275e+03	5.27590e+03
8.60000e+01	5.25095e+03	5.29981e+03
8.70000e+01	5.26316e+03	5.30100e+03
8.80000e+01	5.25624e+03	5.30376e+03
8.90000e+01	5.22976e+03	5.30330e+03
9.00000e+01	5.25824e+03	5.30473e+03
9.10000e+01	5.26133e+03	5.30736e+03
9.20000e+01	5.26949e+03	5.31055e+03
9.30000e+01	5.25869e+03	5.31459e+03
9.40000e+01	5.27142e+03	5.31644e+03
9.50000e+01	5.27836e+03	5.31142e+03
9.60000e+01	5.26402e+03	5.29801e+03
9.70000e+01	5.26459e+03	5.31623e+03
9.80000e+01	5.27364e+03	5.31799e+03
9.90000e+01	5.26708e+03	5.31743e+03
1.00000e+02	5.27760e+03	5.31971e+03
1.01000e+02	5.27085e+03	5.32700e+03
1.02000e+02	5.27023e+03	5.32220e+03
1.03000e+02	5.27394e+03	5.32382e+03
1.04000e+02	5.27624e+03	5.32460e+03
1.05000e+02	5.28036e+03	5.32616e+03
1.06000e+02	5.25742e+03	5.32744e+03
1.07000e+02	5.27717e+03	5.32895e+03
1.08000e+02	5.27653e+03	5.32912e+03
1.09000e+02	5.29152e+03	5.33190e+03
1.10000e+02	5.28237e+03	5.33256e+03
1.11000e+02	5.28471e+03	5.33192e+03
1.12000e+02	5.28726e+03	5.33181e+03
1.13000e+02	5.30019e+03	5.33396e+03
1.14000e+02	5.28316e+03	5.33608e+03
1.15000e+02	5.28056e+03	5.31423e+03
1.16000e+02	5.29559e+03	5.33873e+03
1.17000e+02	5.29867e+03	5.33857e+03
1.18000e+02	5.29290e+03	5.34033e+03
1.19000e+02	5.29524e+03	5.33800e+03
1.20000e+02	5.28658e+03	5.33879e+03
1.21000e+02	5.30539e+03	5.34287e+03
1.22000e+02	5.30273e+03	5.32170e+03
1.23000e+02	5.30790e+03	5.34527e+03
1.24000e+02	5.30118e+03	5.34022e+03
1.25000e+02	5.30583e+03	5.34874e+03
1.26000e+02	5.29590e+03	5.34578e+03
1.27000e+02	5.31314e+03	5.34737e+03
1.28000e+02	5.29889e+03	5.34871e+03
1.29000e+02	5.30864e+03	5.35070e+03
1.30000e+02	5.29575e+03	5.34869e+03
1.31000e+02	5.31009e+03	5.35196e+03
1.32000e+02	5.30355e+03	5.35258e+03
1.33000e+02	5.31214e+03	5.35190e+03
1.34000e+02	5.30210e+03	5.35422e+03
1.35000e+02	5.31203e+03	5.35268e+03
1.36000e+02	5.30752e+03	5.35391e+03
1.37000e+02	5.30905e+03	5.35449e+03
1.38000e+02	5.30545e+03	5.35236e+03
1.39000e+02	5.31589e+03	5.35625e+03
1.40000e+02	5.31794e+03	5.35721e+03
1.41000e+02	5.29916e+03	5.35735e+03
1.42000e+02	5.31258e+03	5.35526e+03
1.43000e+02	5.32212e+03	5.35500e+03
1.44000e+02	5.31542e+03	5.35714e+03
1.45000e+02	5.32012e+03	5.35906e+03
1.46000e+02	5.30832e+03	5.35996e+03
1.47000e+02	5.31338e+03	5.35910e+03
1.48000e+02	5.31056e+03	5.36271e+03
1.49000e+02	5.32333e+03	5.34357e+03
1.50000e+02	5.32122e+03	5.36059e+03
1.51000e+02	5.32515e+03	5.36050e+03
1.52000e+02	5.31747e+03	5.36496e+03
1.53000e+02	5.32581e+03	5.36296e+03
1.54000e+02	5.32356e+03	5.36604e+03
1.55000e+02	5.32756e+03	5.36481e+03
1.56000e+02	5.32569e+03	5.36451e+03
1.57000e+02	5.32727e+03	5.36715e+03
1.58000e+02	5.32022e+03	5.36375e+03
1.59000e+02	5.30531e+03	5.36872e+03
1.60000e+02	5.32978e+03	5.36967e+03
1.61000e+02	5.32548e+03	5.36864e+03
1.62000e+02	5.32667e+03	5.37064e+03
1.63000e+02	5.32889e+03	5.36926e+03
1.64000e+02	5.33021e+03	5.36702e+03
1.65000e+02	5.32963e+03	5.37057e+03
1.66000e+02	5.32871e+03	5.37060e+03
1.67000e+02	5.33206e+03	5.37150e+03
1.68000e+02	5.32978e+03	5.36947e+03
1.69000e+02	5.33140e+03	5.36900e+03
1.70000e+02	5.32581e+03	5.37295e+03
1.71000e+02	5.34191e+03	5.37111e+03
1.72000e+02	5.33400e+03	5.37181e+03
1.73000e+02	5.33736e+03	5.37134e+03
1.74000e+02	5.33873e+03	5.37186e+03
1.75000e+02	5.34139e+03	5.37420e+03
1.76000e+02	5.33592e+03	5.37241e+03
1.77000e+02	5.34243e+03	5.37569e+03
1.78000e+02	5.33749e+03	5.37553e+03
1.79000e+02	5.33230e+03	5.37344e+03
1.80000e+02	5.32939e+03	5.37683e+03
1.81000e+02	5.34175e+03	5.37475e+03
1.82000e+02	5.33318e+03	5.37460e+03
1.83000e+02	5.34135e+03	5.36468e+03
1.84000e+02	5.32978e+03	5.36490e+03
1.85000e+02	5.34358e+03	5.37666e+03
1.86000e+02	5.34206e+03	5.37557e+03
1.87000e+02	5.34240e+03	5.37464e+03
1.88000e+02	5.32276e+03	5.38528e+03
1.89000e+02	5.34396e+03	5.38186e+03
1.90000e+02	5.34413e+03	5.37985e+03
1.91000e+02	5.33728e+03	5.37877e+03
1.92000e+02	5.30489e+03	5.37860e+03
1.93000e+02	5.34020e+03	5.38129e+03
1.94000e+02	5.33920e+03	5.38022e+03
1.95000e+02	5.34510e+03	5.38391e+03
1.96000e+02	5.33391e+03	5.38181e+03
1.97000e+02	5.34194e+03	5.37987e+03
1.98000e+02	5.34673e+03	5.38175e+03
1.99000e+02	5.34142e+03	5.38289e+03
2.00000e+02	5.34231e+03	5.38170e+03
2.01000e+02	5.35286e+03	5.38138e+03
2.02000e+02	5.34660e+03	5.38466e+03
2.03000e+02	5.34788e+03	5.38362e+03
2.04000e+02	5.35194e+03	5.38543e+03
2.05000e+02	5.34690e+03	5.38482e+03
2.06000e+02	5.34621e+03	5.38421e+03
2.07000e+02	5.35437e+03	5.37313e+03
2.08000e+02	5.34073e+03	5.38665e+03
2.09000e+02	5.34349e+03	5.38590e+03
2.10000e+02	5.35155e+03	5.38696e+03
2.11000e+02	5.34651e+03	5.37689e+03
2.12000e+02	5.34140e+03	5.38577e+03
2.13000e+02	5.35445e+03	5.38518e+03
2.14000e+02	5.35643e+03	5.38731e+03
2.15000e+02	5.34719e+03	5.38780e+03
2.16000e+02	5.34495e+03	5.38868e+03
2.17000e+02	5.34614e+03	5.38823e+03
2.18000e+02	5.33803e+03	5.38844e+03
2.19000e+02	5.35335e+03	5.38719e+03
2.20000e+02	5.34772e+03	5.38780e+03
2.21000e+02	5.33958e+03	5.38959e+03
2.22000e+02	5.35844e+03	5.38887e+03
2.23000e+02	5.35311e+03	5.38817e+03
2.24000e+02	5.33842e+03	5.37738e+03
2.25000e+02	5.35306e+03	5.39051e+03
2.26000e+02	5.35165e+03	5.38839e+03
2.27000e+02	5.33302e+03	5.38924e+03
2.28000e+02	5.35765e+03	5.39173e+03
2.29000e+02	5.34547e+03	5.39331e+03
2.30000e+02	5.35195e+03	5.39109e+03
2.31000e+02	5.35963e+03	5.39228e+03
2.32000e+02	5.35018e+03	5.38608e+03
2.33000e+02	5.34661e+03	5.39414e+03
2.34000e+02	5.35579e+03	5.38860e+03
2.35000e+02	5.35344e+03	5.39152e+03
2.36000e+02	5.35572e+03	5.39404e+03
2.37000e+02	5.34820e+03	5.39225e+03
2.38000e+02	5.36229e+03	5.39279e+03
2.39000e+02	5.35346e+03	5.39382e+03
2.40000e+02	5.35451e+03	5.39302e+03
2.41000e+02	5.35104e+03	5.39391e+03
2.42000e+02	5.35754e+03	5.39432e+03
2.43000e+02	5.35903e+03	5.39137e+03
2.44000e+02	5.35369e+03	5.39608e+03
2.45000e+02	5.33432e+03	5.39529e+03
2.46000e+02	5.35889e+03	5.39296e+03
2.47000e+02	5.35966e+03	5.39254e+03
2.48000e+02	5.34736e+03	5.39647e+03
2.49000e+02	5.36257e+03	5.39451e+03
2.50000e+02	5.35412e+03	5.39619e+03
2.51000e+02	5.35410e+03	5.39565e+03
2.52000e+02	5.34986e+03	5.39499e+03
2.53000e+02	5.36165e+03	5.39538e+03
2.54000e+02	5.36227e+03	5.38798e+03
2.55000e+02	5.36244e+03	5.39443e+03
2.56000e+02	5.34893e+03	5.39811e+03
2.57000e+02	5.35327e+03	5.39837e+03
2.58000e+02	5.36851e+03	5.40507e+03
2.59000e+02	5.34197e+03	5.39842e+03
2.60000e+02	5.36580e+03	5.39867e+03
2.61000e+02	5.35670e+03	5.39624e+03
2.62000e+02	5.36643e+03	5.39650e+03
2.63000e+02	5.34955e+03	5.39830e+03
2.64000e+02	5.35812e+03	5.39888e+03
2.65000e+02	5.35906e+03	5.39825e+03
2.66000e+02	5.36474e+03	5.39959e+03
2.67000e+02	5.36770e+03	5.39787e+03
2.68000e+02	5.36215e+03	5.39127e+03
2.69000e+02	5.35803e+03	5.39955e+03
2.70000e+02	5.36811e+03	5.40043e+03
2.71000e+02	5.36421e+03	5.39884e+03
2.72000e+02	5.36330e+03	5.39779e+03
2.73000e+02	5.36135e+03	5.38897e+03
2.74000e+02	5.36550e+03	5.40082e+03
2.75000e+02	5.36031e+03	5.40233e+03
2.76000e+02	5.36037e+03	5.40012e+03
2.77000e+02	5.35814e+03	5.39845e+03
2.78000e+02	5.36690e+03	5.40120e+03
2.79000e+02	5.36136e+03	5.39349e+03
2.80000e+02	5.36450e+03	5.40280e+03
2.81000e+02	5.36229e+03	5.40218e+03
2.82000e+02	5.36122e+03	5.39166e+03
2.83000e+02	5.36523e+03	5.40283e+03
2.84000e+02	5.36406e+03	5.40150e+03
2.85000e+02	5.36027e+03	5.40192e+03
2.86000e+02	5.36898e+03	5.40367e+03
2.87000e+02	5.36589e+03	5.40174e+03
2.88000e+02	5.36363e+03	5.40105e+03
2.89000e+02	5.35999e+03	5.39542e+03
2.90000e+02	5.37047e+03	5.40168e+03
2.91000e+02	5.36346e+03	5.39919e+03
2.92000e+02	5.36449e+03	5.40260e+03
2.93000e+02	5.36031e+03	5.40222e+03
2.94000e+02	5.37212e+03	5.40262e+03
2.95000e+02	5.36764e+03	5.40432e+03
2.96000e+02	5.36786e+03	5.40353e+03
2.97000e+02	5.36120e+03	5.40432e+03
2.98000e+02	5.36908e+03	5.40354e+03
2.99000e+02	5.36284e+03	5.40531e+03
3.00000e+02	5.36740e+03	5.40472e+03
3.01000e+02	5.36446e+03	5.40405e+03
3.02000e+02	5.36698e+03	5.39652e+03
3.03000e+02	5.36796e+03	5.40377e+03
3.04000e+02	5.36638e+03	5.40502e+03
3.05000e+02	5.37142e+03	5.40330e+03
3.06000e+02	5.37144e+03	5.40636e+03
3.07000e+02	5.36676e+03	5.40598e+03
3.08000e+02	5.35960e+03	5.39688e+03
3.09000e+02	5.36635e+03	5.40295e+03
3.10000e+02	5.36964e+03	5.40654e+03
3.11000e+02	5.36392e+03	5.40559e+03
3.12000e+02	5.37625e+03	5.40719e+03
3.13000e+02	5.37210e+03	5.40569e+03
3.14000e+02	5.37487e+03	5.40671e+03
3.15000e+02	5.36179e+03	5.40485e+03
3.16000e+02	5.35385e+03	5.40106e+03
3.17000e+02	5.36724e+03	5.40485e+03
3.18000e+02	5.37416e+03	5.40642e+03
3.19000e+02	5.36766e+03	5.40742e+03
3.20000e+02	5.36913e+03	5.40778e+03
3.21000e+02	5.37526e+03	5.40559e+03
3.22000e+02	5.37473e+03	5.40613e+03
3.23000e+02	5.37071e+03	5.40568e+03
3.24000e+02	5.37813e+03	5.40586e+03
3.25000e+02	5.37519e+03	5.40666e+03
3.26000e+02	5.37342e+03	5.40684e+03
3.27000e+02	5.37131e+03	5.40916e+03
3.28000e+02	5.37080e+03	5.40861e+03
3.29000e+02	5.36880e+03	5.41083e+03
3.30000e+02	5.36524e+03	5.41090e+03
3.31000e+02	5.37111e+03	5.39906e+03
3.32000e+02	5.36358e+03	5.39960e+03
3.33000e+02	5.36586e+03	5.40120e+03
3.34000e+02	5.36883e+03	5.40104e+03
3.35000e+02	5.36988e+03	5.40140e+03
3.36000e+02	5.36878e+03	5.40063e+03
3.37000e+02	5.37540e+03	5.39986e+03
3.38000e+02	5.37147e+03	5.40869e+03
3.39000e+02	5.37183e+03	5.40851e+03
3.40000e+02	5.37515e+03	5.40850e+03
3.41000e+02	5.37380e+03	5.40841e+03
3.42000e+02	5.37981e+03	5.41037e+03
3.43000e+02	5.37584e+03	5.40890e+03
3.44000e+02	5.37349e+03	5.40974e+03
3.45000e+02	5.36506e+03	5.41058e+03
3.46000e+02	5.37434e+03	5.40963e+03
3.47000e+02	5.38277e+03	5.40911e+03
3.48000e+02	5.37477e+03	5.41011e+03
3.49000e+02	5.37850e+03	5.41035e+03
3.50000e+02	5.37717e+03	5.41025e+03
3.51000e+02	5.37569e+03	5.41132e+03
3.52000e+02	5.37077e+03	5.40234e+03
3.53000e+02	5.37356e+03	5.41154e+03
3.54000e+02	5.37398e+03	5.41102e+03
3.55000e+02	5.37748e+03	5.40788e+03
3.56000e+02	5.37756e+03	5.41066e+03
3.57000e+02	5.37869e+03	5.41212e+03
3.58000e+02	5.37877e+03	5.41014e+03
3.59000e+02	5.37932e+03	5.40598e+03
3.60000e+02	5.37025e+03	5.41785e+03
3.61000e+02	5.37747e+03	5.41181e+03
3.62000e+02	5.37962e+03	5.41114e+03
3.63000e+02	5.37921e+03	5.41145e+03
3.64000e+02	5.37706e+03	5.41175e+03
3.65000e+02	5.37896e+03	5.40597e+03
3.66000e+02	5.37619e+03	5.41340e+03
3.67000e+02	5.37926e+03	5.41146e+03
3.68000e+02	5.37485e+03	5.41176e+03
3.69000e+02	5.36712e+03	5.41175e+03
3.70000e+02	5.37814e+03	5.40691e+03
3.71000e+02	5.38806e+03	5.41242e+03
3.72000e+02	5.37689e+03	5.41248e+03
3.73000e+02	5.37898e+03	5.41176e+03
3.74000e+02	5.38068e+03	5.41135e+03
3.75000e+02	5.37403e+03	5.41188e+03
3.76000e+02	5.37619e+03	5.41366e+03
3.77000e+02	5.38341e+03	5.41402e+03
3.78000e+02	5.37864e+03	5.41361e+03
3.79000e+02	5.38215e+03	5.41320e+03
3.80000e+02	5.37376e+03	5.41272e+03
3.81000e+02	5.37839e+03	5.41332e+03
3.82000e+02	5.37506e+03	5.41330e+03
3.83000e+02	5.38648e+03	5.41389e+03
3.84000e+02	5.37574e+03	5.41379e+03
3.85000e+02	5.38409e+03	5.41369e+03
3.86000e+02	5.38129e+03	5.41382e+03
3.87000e+02	5.38652e+03	5.41789e+03
3.88000e+02	5.37739e+03	5.41408e+03
3.89000e+02	5.39252e+03	5.41383e+03
3.90000e+02	5.37560e+03	5.41366e+03
3.91000e+02	5.38071e+03	5.41416e+03
3.92000e+02	5.37819e+03	5.41459e+03
3.93000e+02	5.38386e+03	5.41345e+03
3.94000e+02	5.37972e+03	5.41551e+03
3.95000e+02	5.38808e+03	5.41378e+03
3.96000e+02	5.37299e+03	5.41524e+03
3.97000e+02	5.37649e+03	5.41418e+03
3.98000e+02	5.38158e+03	5.41452e+03
3.99000e+02	5.38643e+03	5.41333e+03
4.00000e+02	5.37736e+03	5.41587e+03
4.01000e+02	5.38523e+03	5.41402e+03
4.02000e+02	5.37620e+03	5.40846e+03
4.03000e+02	5.37240e+03	5.41419e+03
4.04000e+02	5.37935e+03	5.41417e+03
4.05000e+02	5.38442e+03	5.41531e+03
4.06000e+02	5.37834e+03	5.41572e+03
4.07000e+02	5.38837e+03	5.40943e+03
4.08000e+02	5.37833e+03	5.41480e+03
4.09000e+02	5.39016e+03	5.41134e+03
4.10000e+02	5.38319e+03	5.41633e+03
4.11000e+02	5.38663e+03	5.41552e+03
4.12000e+02	5.37796e+03	5.41820e+03
4.13000e+02	5.38911e+03	5.41575e+03
4.14000e+02	5.38117e+03	5.41651e+03
4.15000e+02	5.38814e+03	5.41634e+03
4.16000e+02	5.37850e+03	5.41765e+03
4.17000e+02	5.38614e+03	5.41544e+03
4.18000e+02	5.38167e+03	5.41682e+03
4.19000e+02	5.38623e+03	5.41708e+03
4.20000e+02	5.37869e+03	5.41593e+03
4.21000e+02	5.38267e+03	5.41556e+03
4.22000e+02	5.38245e+03	5.41616e+03
4.23000e+02	5.38950e+03	5.41697e+03
4.24000e+02	5.38317e+03	5.41735e+03
4.25000e+02	5.38704e+03	5.41167e+03
4.26000e+02	5.37899e+03	5.41523e+03
4.27000e+02	5.38502e+03	5.41054e+03
4.28000e+02	5.37864e+03	5.41676e+03
4.29000e+02	5.38850e+03	5.41612e+03
4.30000e+02	5.38206e+03	5.41664e+03
4.31000e+02	5.39154e+03	5.41791e+03
4.32000e+02	5.36733e+03	5.41754e+03
4.33000e+02	5.37094e+03	5.39920e+03
4.34000e+02	5.38488e+03	5.38943e+03
4.35000e+02	5.36997e+03	5.39984e+03
4.36000e+02	5.38438e+03	5.39197e+03
4.37000e+02	5.36644e+03	5.39559e+03
4.38000e+02	5.38938e+03	5.39376e+03
4.39000e+02	5.36918e+03	5.40208e+03
4.40000e+02	5.38279e+03	5.39454e+03
4.41000e+02	5.37215e+03	5.39912e+03
4.42000e+02	5.38722e+03	5.38604e+03
4.43000e+02	5.37230e+03	5.39560e+03
4.44000e+02	5.38299e+03	5.39568e+03
4.45000e+02	5.37141e+03	5.39741e+03
4.46000e+02	5.38537e+03	5.39514e+03
4.47000e+02	5.37757e+03	5.40090e+03
4.48000e+02	5.38190e+03	5.38669e+03
4.49000e+02	5.37056e+03	5.39566e+03
4.50000e+02	5.38993e+03	5.39568e+03
4.51000e+02	5.36905e+03	5.40042e+03
4.52000e+02	5.38550e+03	5.39553e+03
4.53000e+02	5.37469e+03	5.39620e+03
4.54000e+02	5.38840e+03	5.39237e+03
4.55000e+02	5.36879e+03	5.39355e+03
4.56000e+02	5.38581e+03	5.39186e+03
4.57000e+02	5.37053e+03	5.40004e+03
4.58000e+02	5.39065e+03	5.39433e+03
4.59000e+02	5.37490e+03	5.39429e+03
4.60000e+02	5.38509e+03	5.39457e+03
4.61000e+02	5.36889e+03	5.39933e+03
4.62000e+02	5.38769e+03	5.39688e+03
4.63000e+02	5.36463e+03	5.39684e+03
4.64000e+02	5.38564e+03	5.39472e+03
4.65000e+02	5.37411e+03	5.40095e+03
4.66000e+02	5.39308e+03	5.39421e+03
4.67000e+02	5.36609e+03	5.39728e+03
4.68000e+02	5.38271e+03	5.39382e+03
4.69000e+02	5.37357e+03	5.40123e+03
4.70000e+02	5.38700e+03	5.39802e+03
4.71000e+02	5.37585e+03	5.40212e+03
4.72000e+02	5.38432e+03	5.39404e+03
4.73000e+02	5.36866e+03	5.39234e+03
4.74000e+02	5.38887e+03	5.39458e+03
4.75000e+02	5.37470e+03	5.40172e+03
4.76000e+02	5.38827e+03	5.39848e+03
4.77000e+02	5.37598e+03	5.40124e+03
4.78000e+02	5.39236e+03	5.39625e+03
4.79000e+02	5.37236e+03	5.40029e+03
4.80000e+02	5.38370e+03	5.38908e+03
4.81000e+02	5.37448e+03	5.40328e+03
4.82000e+02	5.39114e+03	5.39790e+03
4.83000e+02	5.37796e+03	5.40166e+03
4.84000e+02	5.38508e+03	5.39504e+03
4.85000e+02	5.37569e+03	5.40011e+03
4.86000e+02	5.38731e+03	5.39670e+03
4.87000e+02	5.37605e+03	5.40355e+03
4.88000e+02	5.38055e+03	5.39465e+03
4.89000e+02	5.35509e+03	5.40314e+03
4.90000e+02	5.38568e+03	5.38965e+03
4.91000e+02	5.37364e+03	5.39626e+03
4.92000e+02	5.38346e+03	5.39704e+03
4.93000e+02	5.37371e+03	5.40144e+03
4.94000e+02	5.39101e+03	5.39460e+03
4.95000e+02	5.37880e+03	5.40281e+03
4.96000e+02	5.38598e+03	5.39377e+03
4.97000e+02	5.37361e+03	5.40165e+03
4.98000e+02	5.39259e+03	5.39300e+03
4.99000e+02	5.37553e+03	5.40488e+03
5.00000e+02	5.38834e+03	5.39508e+03
5.01000e+02	5.37952e+03	5.40156e+03
5.02000e+02	5.39385e+03	5.39582e+03
5.03000e+02	5.37428e+03	5.40036e+03
5.04000e+02	5.38715e+03	5.39603e+03
5.05000e+02	5.37280e+03	5.40656e+03
5.06000e+02	5.39193e+03	5.39423e+03
5.07000e+02	5.37948e+03	5.40581e+03
5.08000e+02	5.38575e+03	5.39393e+03
5.09000e+02	5.37561e+03	5.40254e+03
5.10000e+02	5.39369e+03	5.39175e+03
5.11000e+02	5.37787e+03	5.40112e+03
5.12000e+02	5.38692e+03	5.38653e+03
5.13000e+02	5.37404e+03	5.39858e+03
5.14000e+02	5.38852e+03	5.39485e+03
5.15000e+02	5.37893e+03	5.40308e+03
5.16000e+02	5.38858e+03	5.39523e+03
5.17000e+02	5.37718e+03	5.40518e+03
5.18000e+02	5.39370e+03	5.39746e+03
5.19000e+02	5.37829e+03	5.40450e+03
5.20000e+02	5.37773e+03	5.39352e+03
5.21000e+02	5.37945e+03	5.40271e+03
5.22000e+02	5.39251e+03	5.38961e+03
5.23000e+02	5.37110e+03	5.40072e+03
5.24000e+02	5.38673e+03	5.39694e+03
5.25000e+02	5.37965e+03	5.40301e+03
5.26000e+02	5.39471e+03	5.39476e+03
5.27000e+02	5.37344e+03	5.40457e+03
5.28000e+02	5.38946e+03	5.39436e+03
5.29000e+02	5.37656e+03	5.40160e+03
5.30000e+02	5.38695e+03	5.39127e+03
5.31000e+02	5.37825e+03	5.40365e+03
5.32000e+02	5.38118e+03	5.39888e+03
5.33000e+02	5.37721e+03	5.40420e+03
5.34000e+02	5.39568e+03	5.39476e+03
5.35000e+02	5.37505e+03	5.40279e+03
5.36000e+02	5.38520e+03	5.39702e+03
5.37000e+02	5.37796e+03	5.40492e+03
5.38000e+02	5.39386e+03	5.38927e+03
5.39000e+02	5.37479e+03	5.40102e+03
5.40000e+02	5.37565e+03	5.39493e+03
5.41000e+02	5.37677e+03	5.40638e+03
5.42000e+02	5.39427e+03	5.39491e+03
5.43000e+02	5.37704e+03	5.40675e+03
5.44000e+02	5.38204e+03	5.39313e+03
5.45000e+02	5.37534e+03	5.40680e+03
5.46000e+02	5.39424e+03	5.39318e+03
5.47000e+02	5.38259e+03	5.40322e+03
5.48000e+02	5.38813e+03	5.39535e+03
5.49000e+02	5.37613e+03	5.41116e+03
5.50000e+02	5.39327e+03	5.39184e+03
5.51000e+02	5.37220e+03	5.40233e+03
5.52000e+02	5.38868e+03	5.39495e+03
5.53000e+02	5.37901e+03	5.40525e+03
5.54000e+02	5.39021e+03	5.39105e+03
5.55000e+02	5.38010e+03	5.40814e+03
5.56000e+02	5.38567e+03	5.39465e+03
5.57000e+02	5.37717e+03	5.40425e+03
5.58000e+02	5.39365e+03	5.39344e+03
5.59000e+02	5.37831e+03	5.40896e+03
5.60000e+02	5.38700e+03	5.39322e+03
5.61000e+02	5.38011e+03	5.40233e+03
5.62000e+02	5.38784e+03	5.39467e+03
5.63000e+02	5.37424e+03	5.40323e+03
5.64000e+02	5.38589e+03	5.39837e+03
5.65000e+02	5.37686e+03	5.40623e+03
5.66000e+02	5.39747e+03	5.39747e+03
5.67000e+02	5.37655e+03	5.40917e+03
5.68000e+02	5.38333e+03	5.39360e+03
5.69000e+02	5.37741e+03	5.40756e+03
5.70000e+02	5.39492e+03	5.39844e+03
5.71000e+02	5.37756e+03	5.40602e+03
5.72000e+02	5.39038e+03	5.39587e+03
5.73000e+02	5.37392e+03	5.40469e+03
5.74000e+02	5.38957e+03	5.39646e+03
5.75000e+02	5.37810e+03	5.40500e+03
5.76000e+02	5.38988e+03	5.39776e+03
5.77000e+02	5.38181e+03	5.40561e+03
5.78000e+02	5.39914e+03	5.39773e+03
5.79000e+02	5.37964e+03	5.40945e+03
5.80000e+02	5.38963e+03	5.39640e+03
5.81000e+02	5.37182e+03	5.40973e+03
5.82000e+02	5.39653e+03	5.39974e+03
5.83000e+02	5.37699e+03	5.41012e+03
5.84000e+02	5.38527e+03	5.40076e+03
5.85000e+02	5.38099e+03	5.40835e+03
5.86000e+02	5.39332e+03	5.39550e+03
5.87000e+02	5.37762e+03	5.41014e+03
5.88000e+02	5.38570e+03	5.39880e+03
5.89000e+02	5.37792e+03	5.40635e+03
5.90000e+02	5.39739e+03	5.40011e+03
5.91000e+02	5.37752e+03	5.40813e+03
5.92000e+02	5.39246e+03	5.39703e+03
5.93000e+02	5.38142e+03	5.40910e+03
5.94000e+02	5.39745e+03	5.39696e+03
5.95000e+02	5.38233e+03	5.40472e+03
5.96000e+02	5.38952e+03	5.40070e+03
5.97000e+02	5.37204e+03	5.40780e+03
5.98000e+02	5.40087e+03	5.39599e+03
5.99000e+02	5.38248e+03	5.40838e+03
6.00000e+02	5.39054e+03	5.39831e+03
6.01000e+02	5.37846e+03	5.41090e+03
6.02000e+02	5.39780e+03	5.39528e+03
6.03000e+02	5.38085e+03	5.41055e+03
6.04000e+02	5.38766e+03	5.40163e+03
6.05000e+02	5.38448e+03	5.40980e+03
6.06000e+02	5.39929e+03	5.40107e+03
6.07000e+02	5.37958e+03	5.41046e+03
6.08000e+02	5.39543e+03	5.40142e+03
6.09000e+02	5.37511e+03	5.41054e+03
6.10000e+02	5.39794e+03	5.39131e+03
6.11000e+02	5.38582e+03	5.41034e+03
6.12000e+02	5.39131e+03	5.39949e+03
6.13000e+02	5.37795e+03	5.40526e+03
6.14000e+02	5.40155e+03	5.39951e+03
6.15000e+02	5.38190e+03	5.40988e+03
6.16000e+02	5.39121e+03	5.39783e+03
6.17000e+02	5.38347e+03	5.40901e+03
6.18000e+02	5.39663e+03	5.40163e+03
6.19000e+02	5.37760e+03	5.40852e+03
6.20000e+02	5.39402e+03	5.40220e+03
6.21000e+02	5.38198e+03	5.40945e+03
6.22000e+02	5.39865e+03	5.40306e+03
6.23000e+02	5.39562e+03	5.36380e+03
6.24000e+02	5.40321e+03	5.38247e+03
6.25000e+02	5.39514e+03	5.36518e+03
6.26000e+02	5.41017e+03	5.38305e+03
6.27000e+02	5.38984e+03	5.36374e+03
6.28000e+02	5.40382e+03	5.38335e+03
6.29000e+02	5.39377e+03	5.36983e+03
6.30000e+02	5.41135e+03	5.38319e+03
6.31000e+02	5.38943e+03	5.36296e+03
6.32000e+02	5.40494e+03	5.38532e+03
6.33000e+02	5.39297e+03	5.36682e+03
6.34000e+02	5.40969e+03	5.38644e+03
6.35000e+02	5.38853e+03	5.36794e+03
6.36000e+02	5.40435e+03	5.37516e+03
6.37000e+02	5.39895e+03	5.36661e+03
6.38000e+02	5.41394e+03	5.38383e+03
6.39000e+02	5.39869e+03	5.36650e+03
6.40000e+02	5.40294e+03	5.38657e+03
6.41000e+02	5.39358e+03	5.36869e+03
6.42000e+02	5.41210e+03	5.38108e+03
6.43000e+02	5.39733e+03	5.36688e+03
6.44000e+02	5.40590e+03	5.38516e+03
6.45000e+02	5.39799e+03	5.36588e+03
6.46000e+02	5.41052e+03	5.38800e+03
6.47000e+02	5.40089e+03	5.36961e+03
6.48000e+02	5.39987e+03	5.38398e+03
6.49000e+02	5.39898e+03	5.36133e+03
6.50000e+02	5.40950e+03	5.38387e+03
6.51000e+02	5.40106e+03	5.36695e+03
6.52000e+02	5.40420e+03	5.38781e+03
6.53000e+02	5.40111e+03	5.37073e+03
6.54000e+02	5.40818e+03	5.38400e+03
6.55000e+02	5.39588e+03	5.36674e+03
6.56000e+02	5.40523e+03	5.38659e+03
6.57000e+02	5.39599e+03	5.36743e+03
6.58000e+02	5.40359e+03	5.38704e+03
6.59000e+02	5.39797e+03	5.36934e+03
6.60000e+02	5.40173e+03	5.38178e+03
6.61000e+02	5.39394e+03	5.36265e+03
6.62000e+02	5.40876e+03	5.37840e+03
6.63000e+02	5.39147e+03	5.36351e+03
6.64000e+02	5.40668e+03	5.38607e+03
6.65000e+02	5.40176e+03	5.36650e+03
6.66000e+02	5.41081e+03	5.38587e+03
6.67000e+02	5.39989e+03	5.36583e+03
6.68000e+02	5.40580e+03	5.38805e+03
6.69000e+02	5.39581e+03	5.36483e+03
6.70000e+02	5.41117e+03	5.38659e+03
6.71000e+02	5.39793e+03	5.37010e+03
6.72000e+02	5.40354e+03	5.38513e+03
6.73000e+02	5.39990e+03	5.36379e+03
6.74000e+02	5.41027e+03	5.38524e+03
6.75000e+02	5.39819e+03	5.36046e+03
6.76000e+02	5.40454e+03	5.38367e+03
6.77000e+02	5.39808e+03	5.36684e+03
6.78000e+02	5.40528e+03	5.38677e+03
6.79000e+02	5.39467e+03	5.36763e+03
6.80000e+02	5.40455e+03	5.38695e+03
6.81000e+02	5.39996e+03	5.36660e+03
6.82000e+02	5.41437e+03	5.38692e+03
6.83000e+02	5.40263e+03	5.37038e+03
6.84000e+02	5.40186e+03	5.38557e+03
6.85000e+02	5.39867e+03	5.36969e+03
6.86000e+02	5.41167e+03	5.38665e+03
6.87000e+02	5.40060e+03	5.36647e+03
6.88000e+02	5.40664e+03	5.38232e+03
6.89000e+02	5.39373e+03	5.37094e+03
6.90000e+02	5.41083e+03	5.38717e+03
6.91000e+02	5.40156e+03	5.36653e+03
6.92000e+02	5.40739e+03	5.38618e+03
6.93000e+02	5.40044e+03	5.36390e+03
6.94000e+02	5.41126e+03	5.38786e+03
6.95000e+02	5.39739e+03	5.36510e+03
6.96000e+02	5.40255e+03	5.38783e+03
6.97000e+02	5.39833e+03	5.36600e+03
6.98000e+02	5.41178e+03	5.38905e+03
6.99000e+02	5.40670e+03	5.36380e+03
7.00000e+02	5.40787e+03	5.38615e+03
7.01000e+02	5.40062e+03	5.36166e+03
7.02000e+02	5.40853e+03	5.38608e+03
7.03000e+02	5.40337e+03	5.36674e+03
7.04000e+02	5.40441e+03	5.38972e+03
7.05000e+02	5.40110e+03	5.36558e+03
7.06000e+02	5.40690e+03	5.38175e+03
7.07000e+02	5.39925e+03	5.36541e+03
7.08000e+02	5.40681e+03	5.38809e+03
7.09000e+02	5.39796e+03	5.36739e+03
7.10000e+02	5.41055e+03	5.38156e+03
7.11000e+02	5.40389e+03	5.36324e+03
7.12000e+02	5.40655e+03	5.38655e+03
7.13000e+02	5.39976e+03	5.36619e+03
7.14000e+02	5.40577e+03	5.38161e+03
7.15000e+02	5.40214e+03	5.36581e+03
7.16000e+02	5.41076e+03	5.38844e+03
7.17000e+02	5.40532e+03	5.36576e+03
7.18000e+02	5.41711e+03	5.38812e+03
7.19000e+02	5.40866e+03	5.36948e+03
7.20000e+02	5.40265e+03	5.38825e+03
7.21000e+02	5.40334e+03	5.36594e+03
7.22000e+02	5.41684e+03	5.38669e+03
7.23000e+02	5.40743e+03	5.36972e+03
7.24000e+02	5.40957e+03	5.38150e+03
7.25000e+02	5.40706e+03	5.36942e+03
7.26000e+02	5.41710e+03	5.38712e+03
7.27000e+02	5.42100e+03	5.36187e+03
7.28000e+02	5.39715e+03	5.37944e+03
7.29000e+02	5.41887e+03	5.36534e+03
7.30000e+02	5.39753e+03	5.37247e+03
7.31000e+02	5.41979e+03	5.37077e+03
7.32000e+02	5.40122e+03	5.37429e+03
7.33000e+02	5.41647e+03	5.36682e+03
7.34000e+02	5.40020e+03	5.38143e+03
7.35000e+02	5.42031e+03	5.36168e+03
7.36000e+02	5.39680e+03	5.37273e+03
7.37000e+02	5.41868e+03	5.36953e+03
7.38000e+02	5.38899e+03	5.37603e+03
7.39000e+02	5.41821e+03	5.36725e+03
7.40000e+02	5.39056e+03	5.37467e+03
7.41000e+02	5.41952e+03	5.36712e+03
7.42000e+02	5.40009e+03	5.37397e+03
7.43000e+02	5.42035e+03	5.37121e+03
7.44000e+02	5.39510e+03	5.37545e+03
7.45000e+02	5.41739e+03	5.36628e+03
7.46000e+02	5.40126e+03	5.37976e+03
7.47000e+02	5.41540e+03	5.36511e+03
7.48000e+02	5.39694e+03	5.37426e+03
7.49000e+02	5.41913e+03	5.36944e+03
7.50000e+02	5.39980e+03	5.37361e+03
7.51000e+02	5.41429e+03	5.36870e+03
7.52000e+02	5.39772e+03	5.38204e+03
7.53000e+02	5.41170e+03	5.36963e+03
7.54000e+02	5.39859e+03	5.37439e+03
7.55000e+02	5.41599e+03	5.37256e+03
7.56000e+02	5.39526e+03	5.37413e+03
7.57000e+02	5.41736e+03	5.36662e+03
7.58000e+02	5.40082e+03	5.37970e+03
7.59000e+02	5.42220e+03	5.36851e+03
7.60000e+02	5.39497e+03	5.37349e+03
7.61000e+02	5.41946e+03	5.36842e+03
7.62000e+02	5.39870e+03	5.37017e+03
7.63000e+02	5.42107e+03	5.37263e+03
7.64000e+02	5.39445e+03	5.37691e+03
7.65000e+02	5.42011e+03	5.36914e+03
7.66000e+02	5.39714e+03	5.37585e+03
7.67000e+02	5.42107e+03	5.35058e+03
7.68000e+02	5.38513e+03	5.39023e+03
7.69000e+02	5.41355e+03	5.33705e+03
7.70000e+02	5.39469e+03	5.39355e+03
7.71000e+02	5.41406e+03	5.34808e+03
7.72000e+02	5.38989e+03	5.39411e+03
7.73000e+02	5.41844e+03	5.34774e+03
7.74000e+02	5.38570e+03	5.38566e+03
7.75000e+02	5.41523e+03	5.34568e+03
7.76000e+02	5.38904e+03	5.39372e+03
7.77000e+02	5.41441e+03	5.33837e+03
7.78000e+02	5.38751e+03	5.39226e+03
7.79000e+02	5.42038e+03	5.34796e+03
7.80000e+02	5.38633e+03	5.38577e+03
7.81000e+02	5.41658e+03	5.34266e+03
7.82000e+02	5.39545e+03	5.39225e+03
7.83000e+02	5.41636e+03	5.33946e+03
7.84000e+02	5.38906e+03	5.39388e+03
7.85000e+02	5.41992e+03	5.34814e+03
7.86000e+02	5.38936e+03	5.38696e+03
7.87000e+02	5.41642e+03	5.34545e+03
7.88000e+02	5.38509e+03	5.39549e+03
7.89000e+02	5.41353e+03	5.34705e+03
7.90000e+02	5.39371e+03	5.38676e+03
7.91000e+02	5.42078e+03	5.34947e+03
7.92000e+02	5.38607e+03	5.39175e+03
7.93000e+02	5.41171e+03	5.34482e+03
7.94000e+02	5.39373e+03	5.38926e+03
7.95000e+02	5.41159e+03	5.34756e+03
7.96000e+02	5.38948e+03	5.39489e+03
7.97000e+02	5.41462e+03	5.34985e+03
7.98000e+02	5.39113e+03	5.38993e+03
7.99000e+02	5.41853e+03	5.34480e+03
8.00000e+02	5.38768e+03	5.39487e+03
8.01000e+02	5.41604e+03	5.34724e+03
8.02000e+02	5.38957e+03	5.38968e+03
8.03000e+02	5.42062e+03	5.34831e+03
8.04000e+02	5.38683e+03	5.39167e+03
8.05000e+02	5.41544e+03	5.34607e+03
8.06000e+02	5.39477e+03	5.39643e+03
8.07000e+02	5.40417e+03	5.35000e+03
8.08000e+02	5.39073e+03	5.38843e+03
8.09000e+02	5.41713e+03	5.34964e+03
8.10000e+02	5.39256e+03	5.39396e+03
8.11000e+02	5.41490e+03	5.34604e+03
8.12000e+02	5.38948e+03	5.39435e+03
8.13000e+02	5.41502e+03	5.34436e+03
8.14000e+02	5.39191e+03	5.38984e+03
8.15000e+02	5.41791e+03	5.34493e+03
8.16000e+02	5.38674e+03	5.39329e+03
8.17000e+02	5.41910e+03	5.34654e+03
8.18000e+02	5.39475e+03	5.39460e+03
8.19000e+02	5.41950e+03	5.34794e+03
8.20000e+02	5.38970e+03	5.39406e+03
8.21000e+02	5.42043e+03	5.34627e+03
8.22000e+02	5.38985e+03	5.39038e+03
8.23000e+02	5.41301e+03	5.34589e+03
8.24000e+02	5.38544e+03	5.39769e+03
8.25000e+02	5.41520e+03	5.34212e+03
8.26000e+02	5.39411e+03	5.38883e+03
8.27000e+02	5.41730e+03	5.34435e+03
8.28000e+02	5.38474e+03	5.39126e+03
8.29000e+02	5.41887e+03	5.34387e+03
8.30000e+02	5.39332e+03	5.39367e+03
8.31000e+02	5.41770e+03	5.34880e+03
8.32000e+02	5.39084e+03	5.39493e+03
8.33000e+02	5.41884e+03	5.34842e+03
8.34000e+02	5.39146e+03	5.39160e+03
8.35000e+02	5.41287e+03	5.34212e+03
8.36000e+02	5.38938e+03	5.39790e+03
8.37000e+02	5.41537e+03	5.34712e+03
8.38000e+02	5.38910e+03	5.39455e+03
8.39000e+02	5.41962e+03	5.34916e+03
8.40000e+02	5.38873e+03	5.39167e+03
8.41000e+02	5.41609e+03	5.34355e+03
8.42000e+02	5.39522e+03	5.39567e+03
8.43000e+02	5.41910e+03	5.34688e+03
8.44000e+02	5.38427e+03	5.39170e+03
8.45000e+02	5.42025e+03	5.34573e+03
8.46000e+02	5.39431e+03	5.38761e+03
8.47000e+02	5.40896e+03	5.33859e+03
8.48000e+02	5.38488e+03	5.39749e+03
8.49000e+02	5.41337e+03	5.34554e+03
8.50000e+02	5.39593e+03	5.39433e+03
8.51000e+02	5.41914e+03	5.34588e+03
8.52000e+02	5.38927e+03	5.39346e+03
8.53000e+02	5.41852e+03	5.34167e+03
8.54000e+02	5.39349e+03	5.39451e+03
8.55000e+02	5.41804e+03	5.34392e+03
8.56000e+02	5.38941e+03	5.39240e+03
8.57000e+02	5.41558e+03	5.34856e+03
8.58000e+02	5.38931e+03	5.39324e+03
8.59000e+02	5.41515e+03	5.34470e+03
8.60000e+02	5.38905e+03	5.39533e+03
8.61000e+02	5.41809e+03	5.34736e+03
8.62000e+02	5.39323e+03	5.39478e+03
8.63000e+02	5.41959e+03	5.34415e+03
8.64000e+02	5.38801e+03	5.39003e+03
8.65000e+02	5.40943e+03	5.34403e+03
8.66000e+02	5.39322e+03	5.39507e+03
8.67000e+02	5.41794e+03	5.34740e+03
8.68000e+02	5.38869e+03	5.39335e+03
8.69000e+02	5.41669e+03	5.34066e+03
8.70000e+02	5.39124e+03	5.39227e+03
8.71000e+02	5.42091e+03	5.34343e+03
8.72000e+02	5.39350e+03	5.39734e+03
8.73000e+02	5.41704e+03	5.34808e+03
8.74000e+02	5.38821e+03	5.39223e+03
8.75000e+02	5.41963e+03	5.34838e+03
8.76000e+02	5.38921e+03	5.39074e+03
8.77000e+02	5.41789e+03	5.34482e+03
8.78000e+02	5.39687e+03	5.38928e+03
8.79000e+02	5.41783e+03	5.34785e+03
8.80000e+02	5.39278e+03	5.39550e+03
8.81000e+02	5.41810e+03	5.34516e+03
8.82000e+02	5.39113e+03	5.38975e+03
8.83000e+02	5.41841e+03	5.34601e+03
8.84000e+02	5.39047e+03	5.39722e+03
8.85000e+02	5.41937e+03	5.34653e+03
8.86000e+02	5.39307e+03	5.39484e+03
8.87000e+02	5.42010e+03	5.34779e+03
8.88000e+02	5.39188e+03	5.39195e+03
8.89000e+02	5.40153e+03	5.36803e+03
8.90000e+02	5.41804e+03	5.39917e+03
8.91000e+02	5.40675e+03	5.36753e+03
8.92000e+02	5.39694e+03	5.40017e+03
8.93000e+02	5.40691e+03	5.37081e+03
8.94000e+02	5.41038e+03	5.39849e+03
8.95000e+02	5.40084e+03	5.36780e+03
8.96000e+02	5.40143e+03	5.40071e+03
8.97000e+02	5.40687e+03	5.36547e+03
8.98000e+02	5.41150e+03	5.39832e+03
8.99000e+02	5.40999e+03	5.36999e+03
9.00000e+02	5.40187e+03	5.39394e+03
9.01000e+02	5.40823e+03	5.36936e+03
9.02000e+02	5.41888e+03	5.40055e+03
9.03000e+02	5.39826e+03	5.36759e+03
9.04000e+02	5.40534e+03	5.39937e+03
9.05000e+02	5.40854e+03	5.36573e+03
9.06000e+02	5.41652e+03	5.39925e+03
9.07000e+02	5.40582e+03	5.36893e+03
9.08000e+02	5.40364e+03	5.39991e+03
9.09000e+02	5.40553e+03	5.36809e+03
9.10000e+02	5.41576e+03	5.39621e+03
9.11000e+02	5.40855e+03	5.36975e+03
9.12000e+02	5.40272e+03	5.39648e+03
9.13000e+02	5.40771e+03	5.37059e+03
9.14000e+02	5.41774e+03	5.39794e+03
9.15000e+02	5.40528e+03	5.36802e+03
9.16000e+02	5.40429e+03	5.39725e+03
9.17000e+02	5.40783e+03	5.36970e+03
9.18000e+02	5.41203e+03	5.39844e+03
9.19000e+02	5.40630e+03	5.36943e+03
9.20000e+02	5.40579e+03	5.40080e+03
9.21000e+02	5.40766e+03	5.36970e+03
9.22000e+02	5.41744e+03	5.39996e+03
9.23000e+02	5.40841e+03	5.37178e+03
9.24000e+02	5.40316e+03	5.39896e+03
9.25000e+02	5.40888e+03	5.36920e+03
9.26000e+02	5.41714e+03	5.39872e+03
9.27000e+02	5.40578e+03	5.36934e+03
9.28000e+02	5.40575e+03	5.39475e+03
9.29000e+02	5.40833e+03	5.36948e+03
9.30000e+02	5.41056e+03	5.40001e+03
9.31000e+02	5.41015e+03	5.37002e+03
9.32000e+02	5.40337e+03	5.39977e+03
9.33000e+02	5.40500e+03	5.36759e+03
9.34000e+02	5.41785e+03	5.40084e+03
9.35000e+02	5.40747e+03	5.36444e+03
9.36000e+02	5.40051e+03	5.40029e+03
9.37000e+02	5.40584e+03	5.37074e+03
9.38000e+02	5.41783e+03	5.40086e+03
9.39000e+02	5.40874e+03	5.36851e+03
9.40000e+02	5.40342e+03	5.39935e+03
9.41000e+02	5.40938e+03	5.37008e+03
9.42000e+02	5.41650e+03	5.40035e+03
9.43000e+02	5.40984e+03	5.36610e+03
9.44000e+02	5.40646e+03	5.40203e+03
9.45000e+02	5.40605e+03	5.36920e+03
9.46000e+02	5.41760e+03	5.39665e+03
9.47000e+02	5.40562e+03	5.36933e+03
9.48000e+02	5.40445e+03	5.40057e+03
9.49000e+02	5.40775e+03	5.36877e+03
9.50000e+02	5.41761e+03	5.40077e+03
9.51000e+02	5.40120e+03	5.36745e+03
9.52000e+02	5.40470e+03	5.39943e+03
9.53000e+02	5.40841e+03	5.37189e+03
9.54000e+02	5.41639e+03	5.40112e+03
9.55000e+02	5.41037e+03	5.36544e+03
9.56000e+02	5.40816e+03	5.40055e+03
9.57000e+02	5.40501e+03	5.36778e+03
9.58000e+02	5.41414e+03	5.39959e+03
9.59000e+02	5.40998e+03	5.36708e+03
9.60000e+02	5.40812e+03	5.40127e+03
9.61000e+02	5.40814e+03	5.37199e+03
9.62000e+02	5.41216e+03	5.40146e+03
9.63000e+02	5.40875e+03	5.36454e+03
9.64000e+02	5.40722e+03	5.40056e+03
9.65000e+02	5.40874e+03	5.37102e+03
9.66000e+02	5.41489e+03	5.40129e+03
9.67000e+02	5.41027e+03	5.36632e+03
9.68000e+02	5.40598e+03	5.40136e+03
9.69000e+02	5.40761e+03	5.36753e+03
9.70000e+02	5.41709e+03	5.40197e+03
9.71000e+02	5.40327e+03	5.37010e+03
9.72000e+02	5.40180e+03	5.39718e+03
9.73000e+02	5.40874e+03	5.37047e+03
9.74000e+02	5.42084e+03	5.40286e+03
9.75000e+02	5.40735e+03	5.36693e+03
9.76000e+02	5.40511e+03	5.40041e+03
9.77000e+02	5.40621e+03	5.36913e+03
9.78000e+02	5.41693e+03	5.39652e+03
9.79000e+02	5.40806e+03	5.37030e+03
9.80000e+02	5.40690e+03	5.40254e+03
9.81000e+02	5.40737e+03	5.36588e+03
9.82000e+02	5.41796e+03	5.40121e+03
9.83000e+02	5.40639e+03	5.37176e+03
9.84000e+02	5.40030e+03	5.40069e+03
9.85000e+02	5.40953e+03	5.36533e+03
9.86000e+02	5.41699e+03	5.39969e+03
9.87000e+02	5.41056e+03	5.36579e+03
9.88000e+02	5.40257e+03	5.40174e+03
9.89000e+02	5.41129e+03	5.37024e+03
9.90000e+02	5.41887e+03	5.39945e+03
9.91000e+02	5.41054e+03	5.37203e+03
9.92000e+02	5.40759e+03	5.40249e+03
9.93000e+02	5.41035e+03	5.36873e+03
9.94000e+02	5.41515e+03	5.40135e+03
9.95000e+02	5.38889e+03	5.42716e+03
9.96000e+02	5.40664e+03	5.40969e+03
9.97000e+02	5.37678e+03	5.42054e+03
9.98000e+02	5.40816e+03	5.40792e+03
9.99000e+02	5.38214e+03	5.41831e+03
1.00000e+03	5.41011e+03	5.40579e+03
1.00100e+03	5.38349e+03	5.41441e+03
1.00200e+03	5.41168e+03	5.40590e+03
1.00300e+03	5.38648e+03	5.41735e+03
1.00400e+03	5.40581e+03	5.40736e+03
1.00500e+03	5.37928e+03	5.41770e+03
1.00600e+03	5.40593e+03	5.40665e+03
1.00700e+03	5.37930e+03	5.41759e+03
1.00800e+03	5.40512e+03	5.40746e+03
1.00900e+03	5.37677e+03	5.41995e+03
1.01000e+03	5.40064e+03	5.41021e+03
1.01100e+03	5.37620e+03	5.41940e+03
1.01200e+03	5.40489e+03	5.41029e+03
1.01300e+03	5.38046e+03	5.42074e+03
1.01400e+03	5.40762e+03	5.40881e+03
1.01500e+03	5.38207e+03	5.42068e+03
1.01600e+03	5.40725e+03	5.40946e+03
1.01700e+03	5.38209e+03	5.42096e+03
1.01800e+03	5.40816e+03	5.40997e+03
1.01900e+03	5.38658e+03	5.42339e+03
1.02000e+03	5.41140e+03	5.40899e+03
1.02100e+03	5.38318e+03	5.41992e+03
1.02200e+03	5.40935e+03	5.40864e+03
1.02300e+03	5.38033e+03	5.42070e+03
1.02400e+03	5.41112e+03	5.40980e+03
