1.00000e+00	2.50000e+03	2.23714e+03	2.51256e+03	2.24215e+03	2.50000e+03	2.16920e+03
2.00000e+00	3.36700e+03	2.78552e+03	3.32779e+03	2.75482e+03	2.82885e+03	2.73973e+03
3.00000e+00	3.65408e+03	2.94118e+03	3.11203e+03	2.92113e+03	3.27154e+03	2.59740e+03
4.00000e+00	4.07332e+03	3.74883e+03	2.68456e+03	3.46320e+03	3.57782e+03	2.60078e+03
5.00000e+00	4.13565e+03	3.71195e+03	2.67809e+03	2.84738e+03	2.74424e+03	2.63713e+03
6.00000e+00	4.10116e+03	4.12371e+03	2.48756e+03	2.71616e+03	2.51678e+03	2.61552e+03
7.00000e+00	4.16667e+03	4.11039e+03	2.60030e+03	2.79441e+03	2.58112e+03	2.71950e+03
8.00000e+00	4.23953e+03	4.21719e+03	2.72665e+03	2.94551e+03	2.69451e+03	2.85307e+03
9.00000e+00	4.27350e+03	4.21546e+03	2.76838e+03	2.93064e+03	2.74977e+03	2.83286e+03
1.00000e+01	4.27716e+03	4.60193e+03	2.82406e+03	3.01296e+03	2.75028e+03	2.90444e+03
1.10000e+01	4.38247e+03	4.49163e+03	2.94118e+03	2.98670e+03	2.79046e+03	3.06920e+03
1.20000e+01	4.40690e+03	4.44280e+03	2.95348e+03	3.00225e+03	2.81228e+03	3.01583e+03
1.30000e+01	3.51922e+03	3.01624e+03	3.12801e+03	2.95119e+03	2.88184e+03	3.11825e+03
1.40000e+01	2.86768e+03	2.52161e+03	2.87947e+03	2.81577e+03	2.66717e+03	3.07085e+03
1.50000e+01	2.66999e+03	4.14136e+03	2.89687e+03	3.05686e+03	2.82699e+03	2.95683e+03
1.60000e+01	1.91916e+03	1.99129e+03	2.87977e+03	3.01545e+03	2.89436e+03	3.00188e+03
1.70000e+01	4.81314e+03	4.72748e+03	2.49340e+03	1.70341e+03	1.98877e+03	2.52413e+03
1.80000e+01	4.60005e+03	4.66200e+03	2.08623e+03	2.42261e+03	2.06825e+03	2.44565e+03
1.90000e+01	4.59715e+03	4.97643e+03	2.87226e+03	2.21885e+03	2.81648e+03	2.19273e+03
2.00000e+01	4.64684e+03	4.80654e+03	2.95377e+03	3.02389e+03	2.86615e+03	2.87191e+03
2.10000e+01	4.64294e+03	4.69169e+03	3.23226e+03	3.03074e+03	2.92072e+03	3.29154e+03
2.20000e+01	4.65411e+03	5.00227e+03	3.41032e+03	2.97539e+03	2.95938e+03	3.41456e+03
2.30000e+01	4.66437e+03	4.85847e+03	3.46647e+03	3.02313e+03	2.90624e+03	3.67353e+03
2.40000e+01	4.67017e+03	4.76853e+03	3.58637e+03	2.95822e+03	2.95567e+03	3.63857e+03
2.50000e+01	4.69925e+03	5.06380e+03	3.81621e+03	2.91852e+03	3.01277e+03	3.74251e+03
2.60000e+01	4.69568e+03	4.87622e+03	3.97007e+03	2.98679e+03	2.91611e+03	4.21872e+03
2.70000e+01	4.70629e+03	4.77369e+03	4.26204e+03	2.89731e+03	3.00601e+03	4.22734e+03
2.80000e+01	4.73293e+03	5.07522e+03	4.57143e+03	2.79246e+03	2.99081e+03	4.32299e+03
2.90000e+01	4.74943e+03	4.63037e+03	4.82048e+03	2.96009e+03	2.92663e+03	5.10025e+03
3.00000e+01	3.88249e+03	3.41530e+03	4.72813e+03	2.86642e+03	2.96883e+03	4.95704e+03
3.10000e+01	3.48942e+03	4.05653e+03	4.68845e+03	2.85767e+03	3.01468e+03	4.82565e+03
3.20000e+01	2.27128e+03	1.74720e+03	4.70796e+03	2.90170e+03	2.98730e+03	5.12574e+03
3.30000e+01	3.81062e+03	5.11232e+03	4.79721e+03	3.00601e+03	3.09133e+03	5.14981e+03
3.40000e+01	4.79887e+03	5.12202e+03	2.38396e+03	1.77397e+03	2.09915e+03	3.02222e+03
3.50000e+01	4.79649e+03	5.13799e+03	2.82486e+03	2.81079e+03	2.50716e+03	2.78197e+03
3.60000e+01	4.80962e+03	5.14727e+03	3.56295e+03	2.42555e+03	2.53789e+03	3.44234e+03
3.70000e+01	4.82085e+03	5.14604e+03	4.54322e+03	2.90629e+03	3.02658e+03	4.11202e+03
3.80000e+01	4.84015e+03	5.13375e+03	4.79616e+03	2.90032e+03	3.00039e+03	5.07343e+03
3.90000e+01	4.83991e+03	5.15123e+03	4.80118e+03	2.99516e+03	3.09426e+03	5.15737e+03
4.00000e+01	4.84437e+03	5.14469e+03	4.80538e+03	3.10776e+03	3.20976e+03	5.15331e+03
4.10000e+01	4.84691e+03	5.16568e+03	4.84519e+03	3.27738e+03	3.36728e+03	5.15788e+03
4.20000e+01	4.87465e+03	5.15527e+03	4.87013e+03	3.50175e+03	3.56930e+03	5.17496e+03
4.30000e+01	4.89415e+03	4.48852e+03	4.85766e+03	3.67804e+03	3.74369e+03	5.16765e+03
4.40000e+01	3.76938e+03	3.57056e+03	4.78053e+03	3.93068e+03	3.98190e+03	5.17525e+03
4.50000e+01	4.00356e+03	2.65111e+03	4.69239e+03	4.32069e+03	4.32817e+03	5.18493e+03
4.60000e+01	2.48823e+03	3.05040e+03	4.74863e+03	4.09107e+03	4.13001e+03	5.17377e+03
4.70000e+01	4.90094e+03	5.18420e+03	4.77206e+03	3.99762e+03	4.02880e+03	5.20142e+03
4.80000e+01	4.90697e+03	5.16407e+03	2.85442e+03	3.25159e+03	3.34402e+03	5.17744e+03
4.90000e+01	4.91179e+03	5.18299e+03	4.49583e+03	3.23903e+03	2.50562e+03	2.97583e+03
5.00000e+01	4.90870e+03	5.18296e+03	4.14216e+03	3.84823e+03	4.22440e+03	4.70500e+03
5.10000e+01	4.93278e+03	5.16874e+03	4.25745e+03	4.33526e+03	4.49894e+03	4.26885e+03
5.20000e+01	4.93593e+03	5.18031e+03	4.26264e+03	4.32828e+03	4.96420e+03	5.19740e+03
5.30000e+01	4.95235e+03	5.17275e+03	4.24986e+03	4.32971e+03	4.96162e+03	5.17629e+03
5.40000e+01	4.94506e+03	5.16697e+03	4.26237e+03	4.32866e+03	4.96872e+03	5.19881e+03
5.50000e+01	4.16919e+03	4.32050e+03	4.26257e+03	4.33994e+03	4.97198e+03	5.20587e+03
5.60000e+01	4.21401e+03	4.81720e+03	4.23857e+03	4.34277e+03	4.98709e+03	5.20398e+03
5.70000e+01	2.55881e+03	2.50055e+03	4.41176e+03	4.34982e+03	4.98600e+03	5.19552e+03
5.80000e+01	4.79656e+03	4.16816e+03	4.59188e+03	4.34685e+03	4.99483e+03	5.20833e+03
5.90000e+01	2.99751e+03	4.73553e+03	4.36649e+03	4.35007e+03	4.99407e+03	5.20879e+03
6.00000e+01	4.96032e+03	5.20382e+03	4.20374e+03	4.36427e+03	5.00918e+03	5.17554e+03
6.10000e+01	4.96137e+03	5.19901e+03	2.44020e+03	2.84237e+03	5.00862e+03	5.19990e+03
6.20000e+01	4.98112e+03	5.18872e+03	3.50461e+03	3.87815e+03	4.27233e+03	5.19698e+03
6.30000e+01	4.97866e+03	5.19588e+03	4.27524e+03	3.63909e+03	4.80183e+03	2.80811e+03
6.40000e+01	4.99025e+03	5.20156e+03	4.95509e+03	4.35789e+03	4.24150e+03	4.27208e+03
6.50000e+01	4.99309e+03	5.19667e+03	5.03252e+03	4.71801e+03	5.01427e+03	4.65916e+03
6.60000e+01	4.46852e+03	4.31570e+03	5.03471e+03	5.00303e+03	5.03432e+03	5.19072e+03
6.70000e+01	4.26209e+03	4.68433e+03	5.03684e+03	5.16736e+03	5.02777e+03	5.19783e+03
6.80000e+01	2.95922e+03	2.47750e+03	5.04601e+03	5.23883e+03	5.02996e+03	5.20076e+03
6.90000e+01	4.24146e+03	4.71086e+03	5.05346e+03	5.22846e+03	5.03944e+03	5.20087e+03
7.00000e+01	3.07503e+03	3.05330e+03	5.04323e+03	5.24541e+03	5.04686e+03	5.21415e+03
7.10000e+01	5.01412e+03	5.20948e+03	5.05626e+03	5.09801e+03	5.04261e+03	5.21292e+03
7.20000e+01	5.00035e+03	5.21248e+03	5.05511e+03	4.70834e+03	5.03849e+03	5.20419e+03
7.30000e+01	4.99555e+03	5.19758e+03	2.67959e+03	2.87571e+03	5.04527e+03	5.20165e+03
7.40000e+01	5.01729e+03	5.20247e+03	3.62195e+03	3.97657e+03	5.04844e+03	5.20650e+03
7.50000e+01	5.00300e+03	5.19067e+03	4.61084e+03	3.62476e+03	2.95043e+03	3.31536e+03
7.60000e+01	5.03111e+03	5.19800e+03	5.07343e+03	5.22121e+03	4.26057e+03	4.89501e+03
7.70000e+01	4.43625e+03	4.33901e+03	5.07213e+03	5.24952e+03	4.67573e+03	4.28325e+03
7.80000e+01	4.24190e+03	4.66926e+03	5.07713e+03	5.23982e+03	5.06231e+03	5.21007e+03
7.90000e+01	2.93528e+03	2.73802e+03	5.07973e+03	5.24499e+03	5.05729e+03	5.20662e+03
8.00000e+01	4.26257e+03	4.35967e+03	5.07518e+03	5.23697e+03	5.07035e+03	5.19514e+03
8.10000e+01	4.79943e+03	2.82969e+03	5.06662e+03	5.22210e+03	5.07169e+03	5.21504e+03
8.20000e+01	4.52464e+03	5.20734e+03	5.08780e+03	5.23761e+03	5.07018e+03	5.20999e+03
8.30000e+01	5.02939e+03	5.21619e+03	5.08298e+03	5.24288e+03	5.06654e+03	5.21291e+03
8.40000e+01	5.02633e+03	5.22031e+03	5.09091e+03	5.24836e+03	5.06635e+03	5.20220e+03
8.50000e+01	5.03435e+03	5.20738e+03	2.80435e+03	2.97869e+03	5.08434e+03	5.22017e+03
8.60000e+01	5.04162e+03	5.21813e+03	4.26735e+03	3.97578e+03	5.07345e+03	5.20865e+03
8.70000e+01	5.02165e+03	5.20055e+03	5.05138e+03	3.96771e+03	3.02283e+03	5.21301e+03
8.80000e+01	4.92115e+03	4.33050e+03	5.10322e+03	5.24434e+03	4.59650e+03	4.51467e+03
8.90000e+01	4.24416e+03	4.31934e+03	5.09182e+03	5.25570e+03	4.26940e+03	4.28688e+03
9.00000e+01	4.31158e+03	2.90548e+03	5.10060e+03	5.24079e+03	5.08762e+03	5.22133e+03
9.10000e+01	4.27812e+03	4.35469e+03	5.10433e+03	5.24980e+03	5.09062e+03	5.19792e+03
9.20000e+01	4.32453e+03	5.13622e+03	5.09639e+03	5.22638e+03	5.09385e+03	5.21986e+03
9.30000e+01	2.92067e+03	3.11078e+03	5.10148e+03	5.24328e+03	5.08892e+03	5.20222e+03
9.40000e+01	5.05268e+03	5.22367e+03	5.09126e+03	5.25815e+03	5.08081e+03	5.20978e+03
9.50000e+01	5.04514e+03	5.20719e+03	5.06910e+03	5.26199e+03	5.08484e+03	5.21176e+03
9.60000e+01	5.05662e+03	5.22023e+03	5.09392e+03	5.26345e+03	5.10150e+03	5.21059e+03
9.70000e+01	5.06210e+03	5.20582e+03	2.99744e+03	4.78422e+03	5.09106e+03	5.20135e+03
9.80000e+01	5.05259e+03	5.20999e+03	4.43379e+03	5.11856e+03	5.09647e+03	5.20391e+03
9.90000e+01	5.02385e+03	4.34993e+03	4.54754e+03	4.34153e+03	5.08553e+03	5.19303e+03
1.00000e+02	4.26658e+03	4.33990e+03	5.10699e+03	5.24521e+03	3.21471e+03	2.82990e+03
1.01000e+02	4.85927e+03	3.03951e+03	5.11444e+03	5.24212e+03	4.26088e+03	4.65073e+03
1.02000e+02	3.88972e+03	4.94905e+03	5.11304e+03	5.25638e+03	4.94402e+03	4.29890e+03
1.03000e+02	4.26678e+03	4.34709e+03	5.12081e+03	5.23747e+03	5.10128e+03	5.21070e+03
1.04000e+02	4.81861e+03	2.97449e+03	5.11459e+03	5.24273e+03	5.10906e+03	5.21826e+03
1.05000e+02	3.98346e+03	5.20627e+03	5.11871e+03	5.24423e+03	5.11073e+03	5.21195e+03
1.06000e+02	5.06305e+03	5.22605e+03	5.12721e+03	5.24441e+03	4.60229e+03	5.07031e+03
1.07000e+02	5.06341e+03	5.20529e+03	5.11155e+03	5.25256e+03	5.11399e+03	5.17709e+03
1.08000e+02	5.07495e+03	5.20658e+03	5.11049e+03	5.24399e+03	5.12067e+03	5.21034e+03
1.09000e+02	5.06765e+03	5.21656e+03	3.25082e+03	5.25732e+03	5.11617e+03	5.21356e+03
1.10000e+02	5.07053e+03	5.22069e+03	4.71981e+03	3.90279e+03	5.10630e+03	5.21031e+03
1.11000e+02	4.36733e+03	4.34442e+03	4.29750e+03	4.34323e+03	5.11568e+03	5.20784e+03
1.12000e+02	4.28085e+03	4.60545e+03	5.12914e+03	5.24516e+03	3.18480e+03	5.22266e+03
1.13000e+02	3.57290e+03	2.95966e+03	5.11706e+03	5.25044e+03	4.74232e+03	3.96394e+03
1.14000e+02	4.26583e+03	4.34071e+03	5.11785e+03	5.24524e+03	4.29055e+03	4.29978e+03
1.15000e+02	4.64834e+03	5.14265e+03	5.11953e+03	5.21093e+03	5.13072e+03	5.22324e+03
1.16000e+02	2.96440e+03	4.09706e+03	5.06506e+03	5.24365e+03	5.13479e+03	5.20156e+03
1.17000e+02	5.07658e+03	5.23724e+03	5.11699e+03	5.24734e+03	5.12865e+03	5.22065e+03
1.18000e+02	5.03134e+03	5.21754e+03	5.11531e+03	5.24654e+03	5.13624e+03	5.21247e+03
1.19000e+02	5.08048e+03	5.20719e+03	5.12291e+03	5.25618e+03	5.12335e+03	5.22411e+03
1.20000e+02	5.09273e+03	5.20901e+03	5.13215e+03	5.25118e+03	5.12667e+03	5.21898e+03
1.21000e+02	5.07380e+03	5.21013e+03	5.11953e+03	5.25493e+03	5.12842e+03	5.21507e+03
1.22000e+02	5.09927e+03	5.21123e+03	2.92076e+03	4.00052e+03	5.13576e+03	5.21212e+03
1.23000e+02	4.28661e+03	4.34921e+03	4.36356e+03	4.85840e+03	5.13099e+03	5.21584e+03
1.24000e+02	4.28710e+03	4.95524e+03	4.51287e+03	4.29393e+03	5.17054e+03	5.22391e+03
1.25000e+02	2.78235e+03	2.66587e+03	5.13579e+03	5.24637e+03	4.23069e+03	2.79999e+03
1.26000e+02	4.28193e+03	4.33526e+03	5.14370e+03	5.24694e+03	4.28717e+03	4.30563e+03
1.27000e+02	4.67892e+03	2.85156e+03	5.12883e+03	5.24273e+03	5.13131e+03	4.61583e+03
1.28000e+02	4.49312e+03	5.22897e+03	5.14531e+03	5.24504e+03	5.14738e+03	5.22513e+03
1.29000e+02	5.08555e+03	5.20875e+03	5.14170e+03	5.25565e+03	5.14149e+03	5.21591e+03
1.30000e+02	5.08926e+03	5.22130e+03	5.14139e+03	5.23307e+03	5.14770e+03	5.21732e+03
1.31000e+02	5.09510e+03	5.20916e+03	5.14149e+03	5.24903e+03	5.13645e+03	5.21704e+03
1.32000e+02	5.10106e+03	5.21904e+03	5.14299e+03	5.25039e+03	5.14680e+03	5.21904e+03
1.33000e+02	5.09657e+03	5.23313e+03	5.14030e+03	5.25609e+03	5.14985e+03	5.21917e+03
1.34000e+02	5.09952e+03	5.23192e+03	5.13784e+03	5.25387e+03	5.14376e+03	5.22010e+03
1.35000e+02	4.28830e+03	4.34447e+03	2.75606e+03	2.83108e+03	5.14442e+03	5.21477e+03
1.36000e+02	4.29049e+03	4.85923e+03	4.07503e+03	4.03142e+03	5.15073e+03	5.21612e+03
1.37000e+02	3.03158e+03	2.46288e+03	4.79877e+03	3.73266e+03	3.03272e+03	5.05927e+03
1.38000e+02	4.27483e+03	4.44187e+03	5.15137e+03	5.25054e+03	4.63881e+03	4.44545e+03
1.39000e+02	3.86616e+03	2.92422e+03	5.15025e+03	5.26236e+03	4.29185e+03	4.30314e+03
1.40000e+02	5.12708e+03	5.22954e+03	5.15104e+03	5.23619e+03	5.15009e+03	5.21746e+03
1.41000e+02	5.08786e+03	5.23152e+03	5.13156e+03	5.25394e+03	5.15935e+03	5.21450e+03
1.42000e+02	5.08942e+03	5.22212e+03	5.15632e+03	5.25323e+03	5.15296e+03	5.21331e+03
1.43000e+02	5.10641e+03	5.24040e+03	5.13926e+03	5.23925e+03	5.14944e+03	5.23024e+03
1.44000e+02	5.11836e+03	5.22553e+03	5.14672e+03	5.25183e+03	5.15298e+03	5.20928e+03
1.45000e+02	5.09236e+03	5.21526e+03	5.14367e+03	5.25534e+03	5.14933e+03	5.19844e+03
1.46000e+02	5.11455e+03	5.22249e+03	5.15555e+03	5.25615e+03	5.15028e+03	5.21075e+03
1.47000e+02	4.38361e+03	4.35298e+03	5.14346e+03	4.85501e+03	5.14490e+03	5.21277e+03
1.48000e+02	4.29983e+03	4.60844e+03	2.69110e+03	2.91195e+03	5.15733e+03	5.22710e+03
1.49000e+02	3.86501e+03	2.57830e+03	3.61387e+03	4.15574e+03	5.15607e+03	5.21088e+03
1.50000e+02	3.42114e+03	4.35894e+03	4.19757e+03	3.63064e+03	2.97944e+03	4.20757e+03
1.51000e+02	4.89211e+03	2.99675e+03	5.15957e+03	5.12333e+03	4.51582e+03	5.08263e+03
1.52000e+02	3.44875e+03	5.21978e+03	5.14835e+03	5.22104e+03	4.29063e+03	4.31365e+03
1.53000e+02	5.09440e+03	5.22612e+03	5.15985e+03	5.25737e+03	5.14805e+03	5.22702e+03
1.54000e+02	5.10983e+03	5.23045e+03	5.16034e+03	5.25795e+03	5.16536e+03	5.21963e+03
1.55000e+02	5.10507e+03	5.22625e+03	5.15190e+03	5.24925e+03	5.16615e+03	5.22660e+03
1.56000e+02	5.10521e+03	5.23121e+03	5.16608e+03	5.23437e+03	5.16385e+03	5.22999e+03
1.57000e+02	5.11817e+03	5.22811e+03	5.15955e+03	5.25119e+03	5.16396e+03	5.21994e+03
1.58000e+02	5.12156e+03	5.21848e+03	5.15481e+03	5.25930e+03	5.15296e+03	5.22366e+03
1.59000e+02	4.92626e+03	4.37884e+03	5.15548e+03	5.26944e+03	5.16100e+03	5.22562e+03
1.60000e+02	4.28977e+03	4.35742e+03	5.15447e+03	4.78097e+03	5.16562e+03	5.22603e+03
1.61000e+02	4.91333e+03	3.19793e+03	2.77950e+03	3.59110e+03	5.11160e+03	5.21711e+03
1.62000e+02	2.55058e+03	4.29332e+03	3.92794e+03	3.36980e+03	5.16219e+03	5.21571e+03
1.63000e+02	4.82391e+03	4.48468e+03	3.89430e+03	3.63653e+03	3.20879e+03	5.22587e+03
1.64000e+02	2.95842e+03	3.85628e+03	5.15464e+03	4.66280e+03	4.94825e+03	3.42609e+03
1.65000e+02	5.10567e+03	5.22913e+03	5.15754e+03	5.25444e+03	4.29867e+03	4.30809e+03
1.66000e+02	5.11194e+03	5.23230e+03	5.15736e+03	5.24719e+03	5.16089e+03	5.10032e+03
1.67000e+02	5.11658e+03	5.23216e+03	5.16836e+03	5.22594e+03	5.16596e+03	5.21777e+03
1.68000e+02	5.10871e+03	5.22453e+03	5.15971e+03	5.24410e+03	5.16367e+03	5.22128e+03
1.69000e+02	5.12634e+03	5.23204e+03	5.16504e+03	5.25825e+03	5.16725e+03	5.22928e+03
1.70000e+02	5.13735e+03	5.21889e+03	5.16043e+03	5.25714e+03	5.17126e+03	5.23141e+03
1.71000e+02	5.13252e+03	4.67494e+03	5.16336e+03	5.26510e+03	5.16320e+03	5.22121e+03
1.72000e+02	4.30237e+03	4.35564e+03	5.16222e+03	5.25801e+03	5.16734e+03	5.23465e+03
1.73000e+02	4.75418e+03	4.64642e+03	5.16757e+03	4.88135e+03	5.17732e+03	5.22359e+03
1.74000e+02	2.58782e+03	3.14482e+03	3.30403e+03	4.37153e+03	5.16428e+03	5.22507e+03
1.75000e+02	4.37205e+03	5.15297e+03	4.59173e+03	2.50472e+03	5.16636e+03	5.22045e+03
1.76000e+02	2.91690e+03	3.09141e+03	3.81159e+03	3.63186e+03	4.62756e+03	5.23093e+03
1.77000e+02	5.10469e+03	5.23591e+03	4.89004e+03	4.18618e+03	3.99386e+03	2.81158e+03
1.78000e+02	5.12053e+03	5.23622e+03	5.16811e+03	5.25787e+03	4.29941e+03	4.32480e+03
1.79000e+02	5.12233e+03	5.21851e+03	5.17580e+03	5.25528e+03	5.17162e+03	4.47713e+03
1.80000e+02	5.12222e+03	5.22618e+03	5.17004e+03	5.25057e+03	5.17048e+03	5.22906e+03
1.81000e+02	5.12095e+03	5.23212e+03	5.18239e+03	5.26209e+03	5.17838e+03	5.23091e+03
1.82000e+02	5.12387e+03	5.23666e+03	5.17973e+03	5.25890e+03	5.14342e+03	5.22028e+03
1.83000e+02	5.12935e+03	4.77969e+03	5.17885e+03	5.25530e+03	5.17973e+03	5.22260e+03
1.84000e+02	4.30238e+03	4.35184e+03	5.17304e+03	5.25609e+03	5.17421e+03	5.20789e+03
1.85000e+02	4.62569e+03	5.09221e+03	5.17598e+03	5.25195e+03	5.18396e+03	5.22510e+03
1.86000e+02	2.65817e+03	2.99865e+03	5.16624e+03	5.05229e+03	5.17414e+03	5.21432e+03
1.87000e+02	4.28801e+03	5.07256e+03	4.75416e+03	4.62780e+03	5.17547e+03	5.22040e+03
1.88000e+02	2.94726e+03	3.06134e+03	3.73431e+03	2.45565e+03	5.16966e+03	5.22280e+03
1.89000e+02	5.12988e+03	5.23850e+03	3.81179e+03	3.65006e+03	5.16874e+03	5.22273e+03
1.90000e+02	5.12254e+03	5.23676e+03	4.87605e+03	3.82933e+03	3.09845e+03	2.92429e+03
1.91000e+02	5.12188e+03	5.23417e+03	5.17741e+03	5.24841e+03	4.26758e+03	4.75716e+03
1.92000e+02	5.12519e+03	5.22691e+03	5.17813e+03	5.25178e+03	4.80144e+03	4.31238e+03
1.93000e+02	5.13339e+03	5.21890e+03	5.17357e+03	5.25699e+03	5.17912e+03	5.22441e+03
1.94000e+02	5.13921e+03	5.23221e+03	5.17044e+03	5.25532e+03	5.17720e+03	5.21814e+03
1.95000e+02	5.14281e+03	4.87037e+03	5.17818e+03	5.22564e+03	5.18672e+03	5.20819e+03
1.96000e+02	4.30117e+03	4.36156e+03	5.17765e+03	5.23616e+03	5.17738e+03	5.18546e+03
1.97000e+02	4.65831e+03	5.15963e+03	5.18230e+03	5.25361e+03	5.18067e+03	5.21592e+03
1.98000e+02	2.76764e+03	3.09066e+03	5.16904e+03	5.26092e+03	5.18148e+03	5.21341e+03
1.99000e+02	4.29546e+03	4.79981e+03	5.16816e+03	5.25690e+03	5.18648e+03	5.21830e+03
2.00000e+02	3.23551e+03	3.00951e+03	5.14178e+03	5.00363e+03	5.17505e+03	5.21227e+03
2.01000e+02	5.12729e+03	5.24708e+03	3.67278e+03	2.44059e+03	5.18041e+03	5.21685e+03
2.02000e+02	5.12768e+03	5.23221e+03	3.91959e+03	3.66906e+03	5.18467e+03	5.21950e+03
2.03000e+02	5.13599e+03	5.23236e+03	5.08122e+03	3.79276e+03	2.91482e+03	3.20817e+03
2.04000e+02	5.09363e+03	5.22554e+03	5.18135e+03	5.25015e+03	4.30880e+03	4.95182e+03
2.05000e+02	5.12718e+03	5.19053e+03	5.18922e+03	5.24297e+03	4.56001e+03	4.31570e+03
2.06000e+02	5.12655e+03	5.23321e+03	5.18396e+03	5.24600e+03	5.18787e+03	5.21097e+03
2.07000e+02	5.14746e+03	4.86876e+03	5.18446e+03	5.22543e+03	5.18628e+03	5.22213e+03
2.08000e+02	4.30250e+03	4.35940e+03	5.18303e+03	5.25996e+03	5.18135e+03	5.20729e+03
2.09000e+02	4.61063e+03	5.13135e+03	5.17891e+03	5.25482e+03	5.19048e+03	5.20911e+03
2.10000e+02	2.76051e+03	2.91833e+03	5.18352e+03	5.25828e+03	5.18173e+03	5.21571e+03
2.11000e+02	4.28635e+03	4.76998e+03	5.17931e+03	5.25935e+03	5.18428e+03	5.21890e+03
2.12000e+02	3.36973e+03	2.98621e+03	5.18021e+03	5.26525e+03	5.18261e+03	5.22283e+03
2.13000e+02	5.13909e+03	5.23509e+03	5.19829e+03	5.27071e+03	5.18627e+03	5.21777e+03
2.14000e+02	5.13189e+03	5.23509e+03	3.76462e+03	2.54759e+03	5.18675e+03	5.21748e+03
2.15000e+02	5.14465e+03	5.24083e+03	4.12146e+03	3.67038e+03	5.18047e+03	5.21376e+03
2.16000e+02	5.12626e+03	5.23776e+03	5.17080e+03	3.96964e+03	2.94226e+03	3.52567e+03
2.17000e+02	5.11829e+03	5.23611e+03	5.18122e+03	5.24662e+03	4.28922e+03	5.07163e+03
2.18000e+02	5.14491e+03	5.23083e+03	5.18924e+03	5.24593e+03	4.43360e+03	4.31606e+03
2.19000e+02	5.14109e+03	5.13025e+03	5.18429e+03	5.25836e+03	5.18834e+03	5.21267e+03
2.20000e+02	4.31136e+03	4.36647e+03	5.18990e+03	5.24997e+03	5.18880e+03	5.22206e+03
2.21000e+02	4.42966e+03	5.13249e+03	5.18524e+03	5.25577e+03	5.18962e+03	5.22385e+03
2.22000e+02	2.75838e+03	2.63884e+03	5.17651e+03	5.25630e+03	5.18365e+03	5.22636e+03
2.23000e+02	4.29317e+03	4.64845e+03	5.18665e+03	5.25745e+03	5.19100e+03	5.22371e+03
2.24000e+02	3.50888e+03	2.97200e+03	5.18615e+03	5.25698e+03	5.18759e+03	5.23071e+03
2.25000e+02	5.14203e+03	5.23597e+03	5.18385e+03	5.26907e+03	5.18959e+03	5.21957e+03
2.26000e+02	5.13683e+03	5.20989e+03	5.16536e+03	5.26058e+03	5.18789e+03	5.21603e+03
2.27000e+02	5.13668e+03	5.23560e+03	3.57261e+03	2.51657e+03	5.19071e+03	5.21683e+03
2.28000e+02	5.14591e+03	5.23584e+03	4.09755e+03	3.71426e+03	5.19149e+03	5.21489e+03
2.29000e+02	5.14445e+03	5.22461e+03	5.19039e+03	3.93667e+03	2.94602e+03	3.67742e+03
2.30000e+02	5.14749e+03	5.21861e+03	5.19363e+03	5.25366e+03	4.37021e+03	5.05428e+03
2.31000e+02	5.15062e+03	5.22624e+03	5.19860e+03	5.23762e+03	4.34406e+03	4.31566e+03
2.32000e+02	4.30435e+03	4.34807e+03	5.19039e+03	5.24614e+03	5.19446e+03	5.18158e+03
2.33000e+02	4.30604e+03	5.08823e+03	5.19162e+03	5.26197e+03	5.19869e+03	5.22363e+03
2.34000e+02	2.72622e+03	2.50911e+03	5.18790e+03	5.26162e+03	5.19619e+03	5.22217e+03
2.35000e+02	4.26660e+03	4.54317e+03	5.18970e+03	5.25715e+03	5.18729e+03	5.22211e+03
2.36000e+02	3.72763e+03	2.93445e+03	5.17907e+03	5.25203e+03	5.19092e+03	5.21731e+03
2.37000e+02	5.15632e+03	5.24104e+03	5.18861e+03	5.26152e+03	5.19976e+03	5.21590e+03
2.38000e+02	5.11004e+03	5.23814e+03	5.17706e+03	5.26817e+03	5.19934e+03	5.22033e+03
2.39000e+02	5.14133e+03	5.23698e+03	5.18461e+03	5.26409e+03	5.18990e+03	5.22393e+03
2.40000e+02	5.14789e+03	5.24693e+03	3.14013e+03	2.52570e+03	5.18616e+03	5.23389e+03
2.41000e+02	5.13837e+03	5.23606e+03	3.92681e+03	3.85705e+03	5.19665e+03	5.23378e+03
2.42000e+02	5.14237e+03	5.23096e+03	5.20352e+03	3.65388e+03	2.95609e+03	3.82814e+03
2.43000e+02	5.15803e+03	5.23470e+03	5.18998e+03	5.25678e+03	4.42712e+03	5.07106e+03
2.44000e+02	4.64055e+03	4.37096e+03	5.19602e+03	5.24731e+03	4.29714e+03	4.32172e+03
2.45000e+02	4.30815e+03	4.35718e+03	5.19850e+03	5.25853e+03	5.19662e+03	5.22444e+03
2.46000e+02	4.95408e+03	2.73227e+03	5.19623e+03	5.25585e+03	5.19975e+03	5.20966e+03
2.47000e+02	2.74460e+03	4.35411e+03	5.19858e+03	5.26664e+03	5.19006e+03	5.22232e+03
2.48000e+02	5.00444e+03	3.89459e+03	5.19470e+03	5.25513e+03	5.18839e+03	5.21644e+03
2.49000e+02	2.97804e+03	4.12614e+03	5.18999e+03	5.25438e+03	5.19486e+03	5.21531e+03
2.50000e+02	5.11750e+03	5.24912e+03	5.19189e+03	5.26549e+03	5.19297e+03	5.21453e+03
2.51000e+02	5.10869e+03	5.22938e+03	5.19658e+03	5.26625e+03	5.19927e+03	5.22362e+03
2.52000e+02	5.14506e+03	5.23386e+03	5.18860e+03	5.27142e+03	5.19406e+03	5.17922e+03
2.53000e+02	5.14730e+03	5.22522e+03	2.79877e+03	2.60698e+03	5.19892e+03	5.22231e+03
2.54000e+02	5.14962e+03	5.22935e+03	3.73892e+03	4.00808e+03	5.20129e+03	5.20759e+03
2.55000e+02	5.15193e+03	5.24012e+03	4.51615e+03	3.62499e+03	2.96550e+03	4.04422e+03
2.56000e+02	5.16181e+03	4.72682e+03	5.19101e+03	5.23742e+03	4.49383e+03	5.06710e+03
2.57000e+02	4.30515e+03	4.37924e+03	5.19633e+03	5.26068e+03	4.30984e+03	4.30630e+03
2.58000e+02	4.69492e+03	5.03375e+03	5.19439e+03	5.24700e+03	5.20067e+03	5.22235e+03
2.59000e+02	2.61743e+03	2.90871e+03	5.19434e+03	5.24143e+03	5.19851e+03	5.22146e+03
2.60000e+02	4.29220e+03	5.11067e+03	5.19969e+03	5.26369e+03	5.19906e+03	5.21481e+03
2.61000e+02	2.88768e+03	3.09623e+03	5.18969e+03	5.26422e+03	5.19838e+03	5.21520e+03
2.62000e+02	5.14897e+03	5.23738e+03	5.19326e+03	5.25355e+03	5.19625e+03	5.21954e+03
2.63000e+02	5.14073e+03	5.23623e+03	5.19701e+03	5.26748e+03	5.20071e+03	5.22790e+03
2.64000e+02	5.14610e+03	5.23778e+03	5.19695e+03	5.26033e+03	5.19337e+03	5.21204e+03
2.65000e+02	5.14993e+03	5.24420e+03	5.19587e+03	4.82090e+03	5.19954e+03	5.21705e+03
2.66000e+02	5.15284e+03	5.22511e+03	2.93757e+03	4.38344e+03	5.16746e+03	5.22029e+03
2.67000e+02	5.14907e+03	5.24095e+03	4.33892e+03	2.71281e+03	5.20245e+03	5.21658e+03
2.68000e+02	5.14494e+03	5.08703e+03	3.79013e+03	3.63636e+03	4.08300e+03	5.21797e+03
2.69000e+02	4.30800e+03	4.36851e+03	5.00661e+03	4.37854e+03	4.28208e+03	2.80738e+03
2.70000e+02	4.46251e+03	5.13035e+03	5.19991e+03	5.26480e+03	4.31193e+03	4.30924e+03
2.71000e+02	2.71750e+03	2.68078e+03	5.20513e+03	5.26060e+03	5.17818e+03	4.46922e+03
2.72000e+02	4.29530e+03	4.63571e+03	5.19937e+03	5.26133e+03	5.20116e+03	5.20973e+03
2.73000e+02	3.61867e+03	2.95234e+03	5.19574e+03	5.26235e+03	5.19397e+03	5.22768e+03
2.74000e+02	5.14409e+03	5.23790e+03	5.20270e+03	5.24251e+03	5.20102e+03	5.22074e+03
2.75000e+02	5.14124e+03	5.24069e+03	5.20065e+03	5.24919e+03	5.19377e+03	5.21901e+03
2.76000e+02	5.15127e+03	5.23948e+03	5.17639e+03	5.25744e+03	5.19393e+03	5.22668e+03
2.77000e+02	5.15387e+03	5.23550e+03	5.19768e+03	5.25497e+03	5.20315e+03	5.22100e+03
2.78000e+02	5.16124e+03	5.22802e+03	5.19830e+03	5.22203e+03	5.19976e+03	5.21195e+03
2.79000e+02	5.15359e+03	5.23501e+03	5.12387e+03	4.80314e+03	5.20309e+03	5.21466e+03
2.80000e+02	5.15730e+03	5.23746e+03	3.47558e+03	2.44047e+03	5.20069e+03	5.21153e+03
2.81000e+02	4.31094e+03	4.36308e+03	3.76847e+03	3.73060e+03	5.19927e+03	5.20467e+03
2.82000e+02	4.30830e+03	4.74636e+03	4.83813e+03	3.69676e+03	2.96858e+03	3.05817e+03
2.83000e+02	3.50157e+03	2.55983e+03	5.20517e+03	5.25534e+03	4.31258e+03	4.87041e+03
2.84000e+02	3.77675e+03	4.35650e+03	5.19966e+03	5.25556e+03	4.64151e+03	4.31939e+03
2.85000e+02	4.92594e+03	3.00130e+03	5.20472e+03	5.25442e+03	5.20092e+03	5.22485e+03
2.86000e+02	3.48976e+03	5.24146e+03	5.19924e+03	5.25706e+03	5.16871e+03	5.22594e+03
2.87000e+02	5.14319e+03	5.23914e+03	5.19805e+03	5.24814e+03	5.20107e+03	5.22027e+03
2.88000e+02	5.15031e+03	5.23351e+03	5.19724e+03	5.25317e+03	5.20325e+03	5.21616e+03
2.89000e+02	5.15629e+03	5.23684e+03	5.20102e+03	5.26277e+03	5.20571e+03	5.22311e+03
2.90000e+02	5.14595e+03	5.21461e+03	5.19276e+03	5.26106e+03	5.19974e+03	5.21583e+03
2.91000e+02	5.14298e+03	5.23692e+03	5.19179e+03	5.27145e+03	5.19921e+03	5.22714e+03
2.92000e+02	5.16330e+03	5.23091e+03	5.19573e+03	5.26829e+03	5.20564e+03	5.22333e+03
2.93000e+02	5.16937e+03	4.41152e+03	3.18015e+03	2.49989e+03	5.20399e+03	5.22179e+03
2.94000e+02	4.30649e+03	4.35704e+03	3.90641e+03	3.86634e+03	5.20188e+03	5.22704e+03
2.95000e+02	4.94137e+03	4.05967e+03	5.03422e+03	3.63991e+03	2.98378e+03	3.90387e+03
2.96000e+02	2.55885e+03	3.36314e+03	5.20183e+03	5.25270e+03	4.44598e+03	5.07475e+03
2.97000e+02	4.44990e+03	5.14758e+03	5.17250e+03	5.25673e+03	4.31166e+03	4.31235e+03
2.98000e+02	2.90788e+03	3.08808e+03	5.19770e+03	5.25796e+03	5.20260e+03	5.21572e+03
2.99000e+02	5.14692e+03	5.23514e+03	5.20353e+03	5.25160e+03	5.21088e+03	5.23166e+03
3.00000e+02	5.15375e+03	5.23789e+03	5.20571e+03	5.25495e+03	5.17831e+03	5.23204e+03
3.01000e+02	5.15738e+03	5.23879e+03	5.20410e+03	5.25535e+03	5.20698e+03	5.21113e+03
3.02000e+02	5.15077e+03	5.23469e+03	5.20403e+03	5.26508e+03	5.20824e+03	5.22265e+03
3.03000e+02	5.16131e+03	5.23226e+03	5.20234e+03	5.26444e+03	5.20619e+03	5.22162e+03
3.04000e+02	5.15315e+03	5.23714e+03	5.19374e+03	5.26863e+03	5.20762e+03	5.20129e+03
3.05000e+02	5.16048e+03	5.01702e+03	5.19644e+03	5.09761e+03	5.20274e+03	5.21751e+03
3.06000e+02	4.28529e+03	4.36588e+03	2.79782e+03	3.26696e+03	5.20603e+03	5.21641e+03
3.07000e+02	4.54310e+03	5.13790e+03	3.92412e+03	3.70513e+03	5.20657e+03	5.21701e+03
3.08000e+02	2.75283e+03	2.82173e+03	4.00218e+03	3.63757e+03	3.21631e+03	5.21866e+03
3.09000e+02	4.29447e+03	4.70599e+03	5.19677e+03	4.80343e+03	4.95764e+03	3.46953e+03
3.10000e+02	3.49816e+03	2.96659e+03	5.20807e+03	5.25246e+03	4.31154e+03	4.31064e+03
3.11000e+02	5.15746e+03	5.23437e+03	5.20703e+03	5.25285e+03	5.19815e+03	5.07424e+03
3.12000e+02	5.15592e+03	5.24238e+03	5.20642e+03	5.25872e+03	5.20607e+03	5.21984e+03
3.13000e+02	5.15651e+03	5.23779e+03	5.21363e+03	5.25591e+03	5.20816e+03	5.21980e+03
3.14000e+02	5.15989e+03	5.23168e+03	5.20514e+03	5.25831e+03	5.20781e+03	5.21612e+03
3.15000e+02	5.15346e+03	5.24065e+03	5.20352e+03	5.25333e+03	5.19802e+03	5.22198e+03
3.16000e+02	5.15834e+03	5.23456e+03	5.19703e+03	5.26272e+03	5.20662e+03	5.21478e+03
3.17000e+02	5.15338e+03	5.24322e+03	5.20133e+03	5.26727e+03	5.20483e+03	5.21390e+03
3.18000e+02	4.31608e+03	4.37595e+03	5.20390e+03	5.08044e+03	5.18422e+03	5.22107e+03
3.19000e+02	4.30122e+03	4.96189e+03	4.23802e+03	4.57000e+03	5.20680e+03	5.21208e+03
3.20000e+02	2.98032e+03	2.55234e+03	4.06778e+03	2.41787e+03	5.20351e+03	5.21292e+03
3.21000e+02	4.30422e+03	4.37479e+03	3.82776e+03	3.64053e+03	5.17600e+03	5.21121e+03
3.22000e+02	4.81121e+03	2.83838e+03	4.95575e+03	3.86801e+03	3.12825e+03	2.89610e+03
3.23000e+02	4.12384e+03	5.24163e+03	5.21220e+03	5.25665e+03	4.31345e+03	4.79598e+03
3.24000e+02	5.15776e+03	5.25113e+03	5.21051e+03	5.25232e+03	4.74232e+03	4.31126e+03
3.25000e+02	5.15006e+03	5.23915e+03	5.20700e+03	5.25720e+03	5.20466e+03	5.21778e+03
3.26000e+02	5.15725e+03	5.24074e+03	5.21300e+03	5.25239e+03	5.20709e+03	5.21892e+03
3.27000e+02	5.16074e+03	5.23803e+03	5.20875e+03	5.26511e+03	5.20784e+03	5.22297e+03
3.28000e+02	5.15967e+03	5.23510e+03	5.20561e+03	5.25776e+03	5.20767e+03	5.21828e+03
3.29000e+02	5.16532e+03	5.23952e+03	5.20430e+03	5.25333e+03	5.20693e+03	5.22521e+03
3.30000e+02	4.82760e+03	4.35747e+03	5.20694e+03	5.26064e+03	5.20932e+03	5.21772e+03
3.31000e+02	4.30833e+03	4.36837e+03	5.21088e+03	5.25731e+03	5.21079e+03	5.22049e+03
3.32000e+02	4.96352e+03	3.11267e+03	5.20507e+03	5.27235e+03	5.20229e+03	5.21660e+03
3.33000e+02	2.61877e+03	4.37525e+03	3.39508e+03	2.52575e+03	5.20288e+03	5.21184e+03
3.34000e+02	4.75777e+03	5.00180e+03	4.07123e+03	3.75496e+03	5.21508e+03	5.21753e+03
3.35000e+02	2.92689e+03	3.47510e+03	5.20291e+03	3.79247e+03	2.94340e+03	3.82569e+03
3.36000e+02	5.14013e+03	5.24435e+03	5.21019e+03	5.25706e+03	4.44350e+03	5.07323e+03
3.37000e+02	5.15866e+03	5.24293e+03	5.20849e+03	5.25716e+03	4.31763e+03	4.31498e+03
3.38000e+02	5.13241e+03	5.23706e+03	5.21887e+03	5.23374e+03	5.21163e+03	5.22137e+03
3.39000e+02	5.16100e+03	5.24419e+03	5.21643e+03	5.26962e+03	5.21338e+03	5.21587e+03
3.40000e+02	5.16231e+03	5.24473e+03	5.21001e+03	5.25689e+03	5.21081e+03	5.22651e+03
3.41000e+02	5.15885e+03	5.24373e+03	5.20031e+03	5.25302e+03	5.21120e+03	5.22445e+03
3.42000e+02	5.15899e+03	4.80465e+03	5.20841e+03	5.25459e+03	5.21032e+03	5.21922e+03
3.43000e+02	4.31544e+03	4.36848e+03	5.20312e+03	5.26671e+03	5.21047e+03	5.23113e+03
3.44000e+02	4.65570e+03	5.14854e+03	5.20975e+03	5.27260e+03	5.20873e+03	5.21346e+03
3.45000e+02	2.72327e+03	3.02616e+03	5.21085e+03	5.26983e+03	5.20802e+03	5.22260e+03
3.46000e+02	4.30295e+03	4.91477e+03	2.78868e+03	2.86908e+03	5.20371e+03	5.22177e+03
3.47000e+02	3.21976e+03	3.01320e+03	3.86996e+03	4.13002e+03	5.20513e+03	5.22126e+03
3.48000e+02	5.16619e+03	5.24555e+03	4.53994e+03	3.64600e+03	3.04023e+03	5.10571e+03
3.49000e+02	5.15784e+03	5.24725e+03	5.21176e+03	5.20336e+03	4.76275e+03	4.05493e+03
3.50000e+02	5.15806e+03	5.23286e+03	5.20400e+03	5.25533e+03	4.32553e+03	4.31348e+03
3.51000e+02	5.16017e+03	5.23545e+03	5.21445e+03	5.26000e+03	5.21576e+03	5.22174e+03
3.52000e+02	5.16773e+03	5.24239e+03	5.20910e+03	5.22767e+03	5.21242e+03	5.22154e+03
3.53000e+02	5.16074e+03	5.24167e+03	5.21379e+03	5.25282e+03	5.21110e+03	5.22444e+03
3.54000e+02	5.16321e+03	5.02970e+03	5.20887e+03	5.25831e+03	5.21278e+03	5.23398e+03
3.55000e+02	4.31721e+03	4.36945e+03	5.20757e+03	5.25786e+03	5.21399e+03	5.22720e+03
3.56000e+02	4.44450e+03	5.14013e+03	5.20658e+03	5.26783e+03	5.21192e+03	5.21635e+03
3.57000e+02	2.80568e+03	2.65934e+03	5.20932e+03	5.26052e+03	5.21366e+03	5.22434e+03
3.58000e+02	4.30910e+03	4.53837e+03	5.19918e+03	5.11093e+03	5.21448e+03	5.23055e+03
3.59000e+02	3.87392e+03	2.92264e+03	3.28148e+03	4.40016e+03	5.20780e+03	5.21840e+03
3.60000e+02	5.17019e+03	5.24269e+03	4.72875e+03	2.58530e+03	5.21527e+03	5.21007e+03
3.61000e+02	5.13484e+03	5.23484e+03	3.93499e+03	3.63948e+03	5.11462e+03	5.22159e+03
3.62000e+02	5.16479e+03	5.24258e+03	5.06549e+03	4.17378e+03	3.59659e+03	2.81567e+03
3.63000e+02	5.16263e+03	5.24089e+03	5.22039e+03	5.26194e+03	4.31593e+03	4.54711e+03
3.64000e+02	5.15749e+03	5.24511e+03	5.21072e+03	5.25996e+03	5.01854e+03	4.32803e+03
3.65000e+02	5.16456e+03	5.23470e+03	5.21161e+03	5.25119e+03	5.21697e+03	5.21876e+03
3.66000e+02	5.17937e+03	5.23463e+03	5.20767e+03	5.25907e+03	5.21271e+03	5.22327e+03
3.67000e+02	4.32396e+03	4.37686e+03	5.21551e+03	5.25758e+03	5.21507e+03	5.22874e+03
3.68000e+02	4.31312e+03	4.91046e+03	5.20303e+03	5.25437e+03	5.21453e+03	5.21505e+03
3.69000e+02	3.02571e+03	2.54215e+03	5.20848e+03	5.26601e+03	5.21724e+03	5.21746e+03
3.70000e+02	4.30784e+03	4.37270e+03	5.21163e+03	5.26443e+03	5.21523e+03	5.22584e+03
3.71000e+02	4.94667e+03	2.84540e+03	5.21075e+03	5.27551e+03	5.20388e+03	5.21705e+03
3.72000e+02	4.11951e+03	5.23855e+03	5.21067e+03	5.20775e+03	5.21476e+03	5.21842e+03
3.73000e+02	5.15478e+03	5.24164e+03	3.72944e+03	2.48816e+03	5.21168e+03	5.22219e+03
3.74000e+02	5.16325e+03	5.24265e+03	4.04631e+03	3.67665e+03	5.21494e+03	5.21996e+03
3.75000e+02	5.15826e+03	5.23100e+03	5.21029e+03	3.87525e+03	2.95576e+03	3.46321e+03
3.76000e+02	5.17151e+03	5.24759e+03	5.21230e+03	5.26279e+03	4.32169e+03	5.07450e+03
3.77000e+02	5.16544e+03	5.23829e+03	5.21381e+03	5.25633e+03	4.42665e+03	4.32568e+03
3.78000e+02	5.17065e+03	5.24148e+03	5.21444e+03	5.26484e+03	5.21962e+03	5.22749e+03
3.79000e+02	4.79449e+03	4.37271e+03	5.21679e+03	5.25907e+03	5.21959e+03	5.21737e+03
3.80000e+02	4.31627e+03	4.34982e+03	5.21691e+03	5.26418e+03	5.22050e+03	5.22380e+03
3.81000e+02	4.95932e+03	3.10382e+03	5.21461e+03	5.25249e+03	5.21925e+03	5.23064e+03
3.82000e+02	2.58801e+03	4.37481e+03	5.21160e+03	5.26222e+03	5.22015e+03	5.22622e+03
3.83000e+02	4.77217e+03	4.94557e+03	5.20501e+03	5.27883e+03	5.21393e+03	5.22646e+03
3.84000e+02	2.94684e+03	3.54005e+03	5.21491e+03	5.27422e+03	5.21406e+03	5.22862e+03
3.85000e+02	5.16799e+03	5.24638e+03	5.20580e+03	5.27087e+03	5.21017e+03	5.22232e+03
3.86000e+02	5.16132e+03	5.23447e+03	3.18697e+03	2.55682e+03	5.21129e+03	5.21685e+03
3.87000e+02	5.16537e+03	5.23929e+03	4.01748e+03	3.85339e+03	5.22042e+03	5.21584e+03
3.88000e+02	5.17527e+03	5.23801e+03	5.20044e+03	3.73159e+03	2.99397e+03	4.16381e+03
3.89000e+02	5.16806e+03	5.24068e+03	5.21630e+03	5.26188e+03	4.52931e+03	5.07191e+03
3.90000e+02	5.16796e+03	5.23434e+03	5.21321e+03	5.26032e+03	4.32272e+03	4.32301e+03
3.91000e+02	5.16984e+03	4.63358e+03	5.21841e+03	5.24438e+03	5.21333e+03	5.22357e+03
3.92000e+02	4.30339e+03	4.37217e+03	5.21471e+03	5.26238e+03	5.20840e+03	5.20799e+03
3.93000e+02	4.74643e+03	4.86067e+03	5.21573e+03	5.26182e+03	5.21365e+03	5.22523e+03
3.94000e+02	2.71556e+03	3.20161e+03	5.21419e+03	5.24697e+03	5.21764e+03	5.22678e+03
3.95000e+02	4.30767e+03	4.98964e+03	5.21535e+03	5.26491e+03	5.22045e+03	5.21859e+03
3.96000e+02	3.06148e+03	3.04003e+03	5.21368e+03	5.26449e+03	5.21684e+03	5.22772e+03
3.97000e+02	5.16221e+03	5.24369e+03	5.21333e+03	5.27463e+03	5.21353e+03	5.22857e+03
3.98000e+02	5.13509e+03	5.24526e+03	5.21776e+03	5.26936e+03	5.21639e+03	5.23044e+03
3.99000e+02	5.13210e+03	5.24717e+03	2.78513e+03	2.89571e+03	5.22033e+03	5.22272e+03
4.00000e+02	5.16896e+03	5.23855e+03	3.86153e+03	4.16992e+03	5.21499e+03	5.21023e+03
4.01000e+02	5.15490e+03	5.23540e+03	4.49018e+03	3.63966e+03	3.06348e+03	5.22033e+03
4.02000e+02	5.17095e+03	5.24489e+03	5.21360e+03	5.19648e+03	4.78014e+03	4.06434e+03
4.03000e+02	5.17084e+03	4.92334e+03	5.22230e+03	5.25856e+03	4.32756e+03	4.31866e+03
4.04000e+02	4.31288e+03	4.37163e+03	5.21183e+03	5.25617e+03	5.21351e+03	5.22052e+03
4.05000e+02	4.55445e+03	5.14109e+03	5.21417e+03	5.25626e+03	5.21853e+03	5.22331e+03
4.06000e+02	2.80195e+03	2.81343e+03	5.21114e+03	5.26118e+03	5.22186e+03	5.23452e+03
4.07000e+02	4.30907e+03	4.52132e+03	5.22049e+03	5.26397e+03	5.22183e+03	5.23002e+03
4.08000e+02	4.01800e+03	2.90484e+03	5.21826e+03	5.25827e+03	5.22019e+03	5.22561e+03
4.09000e+02	5.15574e+03	5.24372e+03	5.21125e+03	5.26458e+03	5.21438e+03	5.21963e+03
4.10000e+02	5.14526e+03	5.23861e+03	5.21065e+03	5.26634e+03	5.22526e+03	5.22646e+03
4.11000e+02	5.16747e+03	5.24154e+03	5.21660e+03	5.08871e+03	5.21454e+03	5.22522e+03
4.12000e+02	5.15425e+03	5.23960e+03	3.27291e+03	4.39668e+03	5.21565e+03	5.23022e+03
4.13000e+02	5.15464e+03	5.23932e+03	4.73602e+03	2.55569e+03	5.22197e+03	5.20446e+03
4.14000e+02	5.14535e+03	5.23971e+03	3.94805e+03	3.63356e+03	5.07167e+03	5.22318e+03
4.15000e+02	5.17502e+03	5.24334e+03	5.05826e+03	4.20479e+03	3.69760e+03	2.81091e+03
4.16000e+02	4.31571e+03	4.36466e+03	5.21284e+03	5.26076e+03	4.32325e+03	4.50646e+03
4.17000e+02	4.31923e+03	4.92471e+03	5.21961e+03	5.25951e+03	5.14218e+03	4.32932e+03
4.18000e+02	3.06647e+03	2.63458e+03	5.21353e+03	5.26422e+03	5.22298e+03	5.22912e+03
4.19000e+02	4.30751e+03	4.37082e+03	5.21657e+03	5.26521e+03	5.21748e+03	5.22073e+03
4.20000e+02	4.95265e+03	3.10895e+03	5.20982e+03	5.26864e+03	5.21875e+03	5.22486e+03
4.21000e+02	3.44627e+03	5.24813e+03	5.21996e+03	5.25462e+03	5.21976e+03	5.22326e+03
4.22000e+02	5.16360e+03	5.24452e+03	5.21696e+03	5.26914e+03	5.22187e+03	5.22310e+03
4.23000e+02	5.16439e+03	5.25159e+03	5.21385e+03	5.26709e+03	5.22010e+03	5.23004e+03
4.24000e+02	5.17540e+03	5.24506e+03	5.21512e+03	5.26963e+03	5.19895e+03	5.22521e+03
4.25000e+02	5.17775e+03	5.24012e+03	4.97990e+03	5.13688e+03	5.21985e+03	5.22177e+03
4.26000e+02	5.17135e+03	5.23637e+03	4.00000e+03	2.48256e+03	5.21797e+03	5.21541e+03
4.27000e+02	5.17613e+03	5.23991e+03	4.08569e+03	3.62870e+03	5.22305e+03	5.21967e+03
4.28000e+02	5.17583e+03	4.56762e+03	5.21633e+03	3.94878e+03	2.91422e+03	3.33882e+03
4.29000e+02	4.31733e+03	4.37894e+03	5.22139e+03	5.25871e+03	4.32259e+03	5.00327e+03
4.30000e+02	4.75206e+03	4.84092e+03	5.22060e+03	5.25962e+03	4.49570e+03	4.31913e+03
4.31000e+02	2.56875e+03	2.86459e+03	5.22038e+03	5.25802e+03	5.21653e+03	5.21520e+03
4.32000e+02	4.35177e+03	5.16228e+03	5.21619e+03	5.26040e+03	5.22080e+03	5.21941e+03
4.33000e+02	2.85939e+03	3.09691e+03	5.22058e+03	5.25747e+03	5.21882e+03	5.22316e+03
4.34000e+02	5.17017e+03	5.24357e+03	5.22231e+03	5.25436e+03	5.21873e+03	5.21309e+03
4.35000e+02	5.16553e+03	5.23976e+03	5.20989e+03	5.25947e+03	5.21802e+03	5.22127e+03
4.36000e+02	5.17243e+03	5.25010e+03	5.20970e+03	5.25219e+03	5.21787e+03	5.22562e+03
4.37000e+02	5.16970e+03	5.24295e+03	5.21449e+03	5.27408e+03	5.22159e+03	5.22240e+03
4.38000e+02	5.17455e+03	5.23886e+03	5.21304e+03	5.26759e+03	5.19863e+03	5.22455e+03
4.39000e+02	5.14944e+03	5.24179e+03	3.34622e+03	2.58982e+03	5.21917e+03	5.21874e+03
4.40000e+02	5.17994e+03	5.23498e+03	4.13962e+03	3.79621e+03	5.22299e+03	5.21204e+03
4.41000e+02	4.32162e+03	4.37956e+03	5.22363e+03	3.87284e+03	2.98989e+03	4.33884e+03
4.42000e+02	4.32773e+03	4.65891e+03	5.22058e+03	5.24517e+03	4.56206e+03	5.05935e+03
4.43000e+02	3.91495e+03	2.53825e+03	5.21575e+03	5.25735e+03	4.32436e+03	4.31900e+03
4.44000e+02	3.27443e+03	4.37090e+03	5.21905e+03	5.25270e+03	5.21745e+03	5.22292e+03
4.45000e+02	4.94593e+03	3.10172e+03	5.21529e+03	5.26123e+03	5.22497e+03	5.22890e+03
4.46000e+02	3.12592e+03	5.24953e+03	5.22732e+03	5.25819e+03	5.22199e+03	5.22793e+03
4.47000e+02	5.16453e+03	5.24568e+03	5.21465e+03	5.26465e+03	5.22141e+03	5.22202e+03
4.48000e+02	5.16921e+03	5.24320e+03	5.21482e+03	5.26211e+03	5.22443e+03	5.22894e+03
4.49000e+02	5.16223e+03	5.24202e+03	5.21541e+03	5.26359e+03	5.22561e+03	5.22756e+03
4.50000e+02	5.17473e+03	5.24323e+03	5.21558e+03	5.27544e+03	5.22290e+03	5.22867e+03
4.51000e+02	5.15340e+03	5.23949e+03	5.21038e+03	5.27368e+03	5.22142e+03	5.21900e+03
4.52000e+02	5.15999e+03	5.23530e+03	2.83151e+03	2.97900e+03	5.20677e+03	5.22773e+03
4.53000e+02	5.16363e+03	4.51182e+03	3.97574e+03	4.20879e+03	5.22449e+03	5.22016e+03
4.54000e+02	4.30908e+03	4.37561e+03	4.44653e+03	3.63995e+03	3.32027e+03	5.21803e+03
4.55000e+02	4.96248e+03	3.82852e+03	5.21568e+03	5.03870e+03	4.97458e+03	3.42038e+03
4.56000e+02	2.66321e+03	3.99741e+03	5.20542e+03	5.25273e+03	4.32510e+03	4.31630e+03
4.57000e+02	4.32417e+03	5.15964e+03	5.21910e+03	5.25868e+03	5.21648e+03	5.06220e+03
4.58000e+02	2.94467e+03	3.05680e+03	5.21616e+03	5.26540e+03	5.22616e+03	5.22765e+03
4.59000e+02	5.16979e+03	5.24470e+03	5.21621e+03	5.26268e+03	5.22363e+03	5.22196e+03
4.60000e+02	5.16871e+03	5.24641e+03	5.21548e+03	5.25588e+03	5.22472e+03	5.20592e+03
4.61000e+02	5.14877e+03	5.24060e+03	5.21481e+03	5.25830e+03	5.21895e+03	5.22119e+03
4.62000e+02	5.18175e+03	5.23726e+03	5.21262e+03	5.26082e+03	5.22873e+03	5.21816e+03
4.63000e+02	5.17128e+03	5.24058e+03	5.21391e+03	5.26903e+03	5.22290e+03	5.22308e+03
4.64000e+02	5.17967e+03	5.23708e+03	5.22035e+03	4.97608e+03	5.22305e+03	5.22281e+03
4.65000e+02	5.00247e+03	4.38253e+03	4.96710e+03	4.57889e+03	5.22003e+03	5.21552e+03
4.66000e+02	4.32062e+03	4.36673e+03	3.31474e+03	2.44568e+03	5.22381e+03	5.21439e+03
4.67000e+02	4.95528e+03	3.22857e+03	3.59693e+03	3.78797e+03	5.21683e+03	5.21229e+03
4.68000e+02	3.28368e+03	4.37792e+03	4.41468e+03	3.64890e+03	2.94094e+03	3.06259e+03
4.69000e+02	4.30900e+03	4.83261e+03	5.21935e+03	5.24708e+03	4.32190e+03	4.91625e+03
4.70000e+02	3.33317e+03	2.99079e+03	5.21909e+03	5.26457e+03	4.60441e+03	4.32188e+03
4.71000e+02	5.16912e+03	5.23875e+03	5.21681e+03	5.25681e+03	5.22138e+03	5.22329e+03
4.72000e+02	5.17068e+03	5.24759e+03	5.21443e+03	5.26404e+03	5.22239e+03	5.22159e+03
4.73000e+02	5.14695e+03	5.24902e+03	5.21609e+03	5.26175e+03	5.22490e+03	5.22329e+03
4.74000e+02	5.17642e+03	5.24574e+03	5.21567e+03	5.26117e+03	5.22297e+03	5.22303e+03
4.75000e+02	5.16855e+03	5.24450e+03	5.21531e+03	5.26467e+03	5.22351e+03	5.23133e+03
4.76000e+02	5.18343e+03	5.22033e+03	5.21758e+03	5.26852e+03	5.20873e+03	5.22033e+03
4.77000e+02	4.49330e+03	4.37952e+03	5.21545e+03	5.27807e+03	5.22614e+03	5.20254e+03
4.78000e+02	4.31062e+03	4.51105e+03	5.22045e+03	4.79275e+03	5.22456e+03	5.20408e+03
4.79000e+02	4.04988e+03	2.93047e+03	2.75676e+03	3.60183e+03	5.22629e+03	5.20019e+03
4.80000e+02	4.47123e+03	4.38116e+03	3.92058e+03	3.22761e+03	5.22625e+03	5.20816e+03
4.81000e+02	4.31433e+03	5.00000e+03	3.79296e+03	3.63634e+03	3.31388e+03	5.21998e+03
4.82000e+02	3.02678e+03	3.03877e+03	5.21944e+03	4.52710e+03	4.96135e+03	3.15472e+03
4.83000e+02	5.16533e+03	5.24521e+03	5.22258e+03	5.23918e+03	4.32045e+03	4.31185e+03
4.84000e+02	5.17127e+03	5.24417e+03	5.22627e+03	5.26722e+03	5.21985e+03	4.79773e+03
4.85000e+02	5.16567e+03	5.23007e+03	5.21966e+03	5.26304e+03	5.22100e+03	5.22168e+03
4.86000e+02	5.17522e+03	5.24436e+03	5.22238e+03	5.26944e+03	5.21414e+03	5.22182e+03
4.87000e+02	5.17639e+03	5.24000e+03	5.22482e+03	5.26253e+03	5.19389e+03	5.22207e+03
4.88000e+02	5.17475e+03	5.22422e+03	5.22154e+03	5.26015e+03	5.21156e+03	5.22210e+03
4.89000e+02	4.31994e+03	4.36908e+03	5.22057e+03	5.26724e+03	5.22229e+03	5.21984e+03
4.90000e+02	4.40180e+03	5.11990e+03	5.21360e+03	5.27330e+03	5.22238e+03	5.21954e+03
4.91000e+02	2.76088e+03	3.03934e+03	5.22429e+03	5.27039e+03	5.22374e+03	5.21730e+03
4.92000e+02	4.30552e+03	4.36918e+03	4.01050e+03	4.87109e+03	5.21673e+03	5.21247e+03
4.93000e+02	4.69189e+03	5.13023e+03	5.02492e+03	2.50773e+03	5.21804e+03	5.21307e+03
4.94000e+02	2.95683e+03	3.78712e+03	4.30321e+03	3.64931e+03	5.22138e+03	5.21427e+03
4.95000e+02	5.16604e+03	5.24420e+03	5.21954e+03	4.49004e+03	2.88896e+03	3.22243e+03
4.96000e+02	5.17464e+03	5.24662e+03	5.22259e+03	5.25719e+03	4.32583e+03	4.92939e+03
4.97000e+02	5.16444e+03	5.23924e+03	5.22300e+03	5.24915e+03	4.59500e+03	4.32460e+03
4.98000e+02	5.17446e+03	5.23907e+03	5.21991e+03	5.25400e+03	5.22127e+03	5.22538e+03
4.99000e+02	5.18167e+03	5.24397e+03	5.20502e+03	5.26721e+03	5.22754e+03	5.22376e+03
5.00000e+02	5.18920e+03	4.95378e+03	5.22264e+03	5.26238e+03	5.22450e+03	5.22592e+03
5.01000e+02	4.29840e+03	4.36914e+03	5.22093e+03	5.26598e+03	5.22686e+03	5.22517e+03
5.02000e+02	4.59989e+03	5.12653e+03	5.21575e+03	5.26548e+03	5.22862e+03	5.22764e+03
5.03000e+02	2.90221e+03	3.46047e+03	5.22201e+03	5.26977e+03	5.22478e+03	5.22587e+03
5.04000e+02	4.31662e+03	4.37041e+03	5.21512e+03	5.27611e+03	5.21701e+03	5.22518e+03
5.05000e+02	4.89194e+03	4.40898e+03	3.42796e+03	5.27030e+03	5.22061e+03	5.20452e+03
5.06000e+02	2.99021e+03	4.31947e+03	4.88931e+03	3.42979e+03	5.21569e+03	5.21682e+03
5.07000e+02	5.16983e+03	5.23944e+03	4.33841e+03	4.26312e+03	5.22309e+03	5.21949e+03
5.08000e+02	5.17406e+03	5.24398e+03	5.21480e+03	5.26185e+03	2.95176e+03	3.62355e+03
5.09000e+02	5.15433e+03	5.24456e+03	5.22255e+03	5.26768e+03	4.34980e+03	5.07275e+03
5.10000e+02	5.16848e+03	5.24066e+03	5.21883e+03	5.24271e+03	4.42935e+03	4.32130e+03
5.11000e+02	5.17720e+03	5.24215e+03	5.21035e+03	5.26012e+03	5.22607e+03	5.22361e+03
5.12000e+02	5.16593e+03	4.89929e+03	5.21975e+03	5.26689e+03	5.22524e+03	5.22145e+03
5.13000e+02	4.31651e+03	4.36135e+03	5.22175e+03	5.26364e+03	5.22717e+03	5.22616e+03
5.14000e+02	4.67536e+03	5.12309e+03	5.21992e+03	5.26575e+03	5.22209e+03	5.21573e+03
5.15000e+02	2.89232e+03	3.59840e+03	5.21556e+03	5.26606e+03	5.22630e+03	5.22286e+03
5.16000e+02	4.29217e+03	4.36870e+03	5.21391e+03	5.27004e+03	5.22505e+03	5.22945e+03
5.17000e+02	4.98962e+03	3.59093e+03	5.21948e+03	5.27078e+03	5.22560e+03	5.22687e+03
5.18000e+02	3.08964e+03	5.23957e+03	2.99125e+03	4.43467e+03	5.22414e+03	5.21352e+03
5.19000e+02	5.16737e+03	5.24168e+03	4.53897e+03	4.98224e+03	5.22317e+03	5.22254e+03
5.20000e+02	5.17547e+03	5.24606e+03	4.40738e+03	4.36106e+03	5.22125e+03	5.21131e+03
5.21000e+02	5.16768e+03	5.24673e+03	5.22285e+03	5.26321e+03	2.93021e+03	3.26886e+03
5.22000e+02	5.17416e+03	5.24212e+03	5.22392e+03	5.26051e+03	4.32237e+03	4.91359e+03
5.23000e+02	5.15906e+03	5.23345e+03	5.23037e+03	5.26146e+03	4.60834e+03	4.31596e+03
5.24000e+02	5.16521e+03	4.89454e+03	5.22563e+03	5.26041e+03	5.22928e+03	5.22042e+03
5.25000e+02	4.32092e+03	4.36641e+03	5.22435e+03	5.24769e+03	5.21604e+03	5.22243e+03
5.26000e+02	4.66854e+03	5.13837e+03	5.22432e+03	5.26421e+03	5.22988e+03	5.22302e+03
5.27000e+02	2.94054e+03	3.67947e+03	5.22947e+03	5.26410e+03	5.22532e+03	5.20998e+03
5.28000e+02	4.31122e+03	4.36887e+03	5.22002e+03	5.26468e+03	5.22446e+03	5.22136e+03
5.29000e+02	4.98136e+03	3.52373e+03	5.22041e+03	5.27528e+03	5.22862e+03	5.22707e+03
5.30000e+02	3.15176e+03	5.24394e+03	5.22394e+03	5.26986e+03	5.22744e+03	5.21772e+03
5.31000e+02	5.16683e+03	5.24289e+03	2.99003e+03	2.89808e+03	5.23132e+03	5.22067e+03
5.32000e+02	5.17898e+03	5.25261e+03	4.33921e+03	4.70172e+03	5.22855e+03	5.21400e+03
5.33000e+02	5.17275e+03	5.24803e+03	5.22600e+03	4.38513e+03	5.21093e+03	5.21475e+03
5.34000e+02	5.17979e+03	5.24300e+03	5.22326e+03	5.26477e+03	3.94606e+03	2.80744e+03
5.35000e+02	5.17964e+03	5.23719e+03	5.23105e+03	5.26658e+03	4.32732e+03	4.39447e+03
5.36000e+02	5.17784e+03	4.92317e+03	5.22973e+03	5.26047e+03	5.22957e+03	4.39449e+03
5.37000e+02	4.32458e+03	4.36791e+03	5.22551e+03	5.26786e+03	5.22211e+03	5.21841e+03
5.38000e+02	4.62696e+03	5.12113e+03	5.22584e+03	5.26475e+03	5.23122e+03	5.23122e+03
5.39000e+02	2.90660e+03	3.39367e+03	5.22322e+03	5.26203e+03	5.23189e+03	5.22484e+03
5.40000e+02	4.30928e+03	4.36621e+03	5.21795e+03	5.25675e+03	5.22623e+03	5.22486e+03
5.41000e+02	4.94900e+03	3.29669e+03	5.22055e+03	5.26516e+03	5.23155e+03	5.22392e+03
5.42000e+02	3.29702e+03	5.24219e+03	5.22677e+03	5.27648e+03	5.21059e+03	5.22450e+03
5.43000e+02	5.16818e+03	5.23742e+03	5.21679e+03	5.27159e+03	5.22844e+03	5.21719e+03
5.44000e+02	5.17022e+03	5.25091e+03	3.55863e+03	2.88171e+03	5.22193e+03	5.22780e+03
5.45000e+02	5.17761e+03	5.23661e+03	4.32839e+03	4.48560e+03	5.22476e+03	5.21122e+03
5.46000e+02	5.16371e+03	5.23912e+03	5.22553e+03	4.61823e+03	4.56144e+03	5.21844e+03
5.47000e+02	5.17757e+03	5.23976e+03	5.22525e+03	5.26017e+03	4.53265e+03	2.79951e+03
5.48000e+02	5.17792e+03	4.92084e+03	5.22387e+03	5.25730e+03	4.32576e+03	4.31520e+03
5.49000e+02	4.31126e+03	4.36397e+03	5.22842e+03	5.25324e+03	5.22812e+03	4.57378e+03
5.50000e+02	4.63349e+03	5.13721e+03	5.22516e+03	5.26482e+03	5.22844e+03	5.22501e+03
5.51000e+02	2.90494e+03	3.35810e+03	5.21958e+03	5.26386e+03	5.23014e+03	5.22146e+03
5.52000e+02	4.30897e+03	4.35400e+03	5.22015e+03	5.24660e+03	5.22816e+03	5.22040e+03
5.53000e+02	4.93605e+03	3.21618e+03	5.22082e+03	5.26451e+03	5.22971e+03	5.22467e+03
5.54000e+02	3.35941e+03	5.24711e+03	5.22351e+03	5.27262e+03	5.22923e+03	5.22183e+03
5.55000e+02	5.16207e+03	5.24604e+03	5.22432e+03	5.27617e+03	5.21425e+03	5.22471e+03
5.56000e+02	5.17219e+03	5.24721e+03	5.21929e+03	5.27514e+03	5.22660e+03	5.21973e+03
5.57000e+02	5.17870e+03	5.24438e+03	3.66848e+03	2.87459e+03	5.21355e+03	5.22607e+03
5.58000e+02	5.17361e+03	5.24106e+03	4.33213e+03	4.42815e+03	5.23187e+03	5.22565e+03
5.59000e+02	5.17741e+03	5.23815e+03	5.22015e+03	4.72747e+03	3.79492e+03	5.22459e+03
5.60000e+02	5.18567e+03	4.91034e+03	5.22422e+03	5.26628e+03	4.97058e+03	3.07446e+03
5.61000e+02	4.30070e+03	4.37110e+03	5.22692e+03	5.25414e+03	4.32673e+03	4.31894e+03
5.62000e+02	4.73040e+03	4.93493e+03	5.22290e+03	5.25086e+03	5.22864e+03	4.93320e+03
5.63000e+02	2.95609e+03	3.84668e+03	5.22307e+03	5.26247e+03	5.23137e+03	5.21142e+03
5.64000e+02	4.31212e+03	4.36620e+03	5.22193e+03	5.26498e+03	5.23172e+03	5.23196e+03
5.65000e+02	4.96158e+03	3.48882e+03	5.22664e+03	5.26262e+03	5.22877e+03	5.23420e+03
5.66000e+02	3.18217e+03	5.24657e+03	5.22555e+03	5.26428e+03	5.21616e+03	5.22507e+03
5.67000e+02	5.16732e+03	5.24558e+03	5.22566e+03	5.26697e+03	5.22826e+03	5.22383e+03
5.68000e+02	5.17766e+03	5.24295e+03	5.22222e+03	5.27396e+03	5.23015e+03	5.22136e+03
5.69000e+02	5.16545e+03	5.24187e+03	5.23146e+03	5.27213e+03	5.22656e+03	5.21990e+03
5.70000e+02	5.15292e+03	5.23724e+03	3.85578e+03	2.87921e+03	5.22840e+03	5.21964e+03
5.71000e+02	5.18036e+03	5.23527e+03	4.31223e+03	4.38563e+03	5.22286e+03	5.21924e+03
5.72000e+02	5.14291e+03	4.37436e+03	5.22279e+03	4.74906e+03	3.72495e+03	5.21898e+03
5.73000e+02	4.31567e+03	4.34789e+03	5.22348e+03	5.26359e+03	4.96827e+03	3.13468e+03
5.74000e+02	4.96557e+03	3.32717e+03	5.22750e+03	5.26296e+03	4.32659e+03	4.31858e+03
5.75000e+02	3.48027e+03	5.03962e+03	5.22495e+03	5.26181e+03	5.22818e+03	4.93732e+03
5.76000e+02	4.31151e+03	4.36903e+03	5.22089e+03	5.26542e+03	5.22349e+03	5.22184e+03
5.77000e+02	4.99174e+03	3.81472e+03	5.22839e+03	5.26191e+03	5.23057e+03	5.22375e+03
5.78000e+02	3.00291e+03	4.94550e+03	5.22944e+03	5.26436e+03	5.22170e+03	5.22656e+03
5.79000e+02	5.17149e+03	5.24571e+03	5.21885e+03	5.26641e+03	5.23040e+03	5.22021e+03
5.80000e+02	5.17806e+03	5.24583e+03	5.21897e+03	5.27474e+03	5.22805e+03	5.20698e+03
5.81000e+02	5.17406e+03	5.24326e+03	5.22632e+03	5.27132e+03	5.22952e+03	5.22703e+03
5.82000e+02	5.16589e+03	5.24641e+03	5.22095e+03	5.26883e+03	5.22343e+03	5.22343e+03
5.83000e+02	5.19127e+03	5.23344e+03	3.60828e+03	2.87938e+03	5.23081e+03	5.22875e+03
5.84000e+02	4.84486e+03	4.39382e+03	4.31624e+03	4.28196e+03	5.23068e+03	5.21769e+03
5.85000e+02	4.33558e+03	4.37615e+03	5.22559e+03	4.70764e+03	3.50856e+03	5.22088e+03
5.86000e+02	4.97259e+03	3.51393e+03	5.23308e+03	5.26306e+03	4.98685e+03	3.27706e+03
5.87000e+02	3.05772e+03	5.24547e+03	5.22405e+03	5.26944e+03	4.33412e+03	4.30778e+03
5.88000e+02	4.32026e+03	4.38025e+03	5.23029e+03	5.25897e+03	5.22718e+03	4.95634e+03
5.89000e+02	4.52948e+03	5.11302e+03	5.21775e+03	5.26034e+03	5.23118e+03	5.22733e+03
5.90000e+02	2.90814e+03	3.11402e+03	5.22911e+03	5.25903e+03	5.23064e+03	5.22878e+03
5.91000e+02	5.17490e+03	5.24434e+03	5.22412e+03	5.26686e+03	5.22754e+03	5.21900e+03
5.92000e+02	5.17994e+03	5.24944e+03	5.22419e+03	5.26690e+03	5.21908e+03	5.23093e+03
5.93000e+02	5.18474e+03	5.24222e+03	5.22292e+03	5.27120e+03	5.23468e+03	5.22577e+03
5.94000e+02	5.18691e+03	5.24179e+03	5.22662e+03	5.27231e+03	5.22883e+03	5.22924e+03
5.95000e+02	5.18654e+03	5.23874e+03	5.21751e+03	5.27473e+03	5.22783e+03	5.21925e+03
5.96000e+02	5.18680e+03	4.67235e+03	3.59858e+03	2.87463e+03	5.22734e+03	5.21325e+03
5.97000e+02	4.32396e+03	4.37347e+03	4.32690e+03	4.24443e+03	5.23024e+03	5.22118e+03
5.98000e+02	4.65055e+03	5.13309e+03	5.23285e+03	4.73288e+03	3.42878e+03	5.21174e+03
5.99000e+02	2.88563e+03	3.36736e+03	5.22656e+03	5.26075e+03	4.99154e+03	3.33703e+03
6.00000e+02	4.37784e+03	4.37608e+03	5.21943e+03	5.26136e+03	4.33448e+03	4.32177e+03
6.01000e+02	4.31607e+03	4.92607e+03	5.22391e+03	5.26297e+03	5.23268e+03	5.01322e+03
6.02000e+02	3.31157e+03	2.99689e+03	5.21691e+03	5.26095e+03	5.23405e+03	5.22089e+03
6.03000e+02	5.18326e+03	5.24695e+03	5.23619e+03	5.26707e+03	5.22449e+03	5.22200e+03
6.04000e+02	5.18571e+03	5.25149e+03	5.23220e+03	5.25720e+03	5.23193e+03	5.21553e+03
6.05000e+02	5.17767e+03	5.24277e+03	5.23062e+03	5.26362e+03	5.23076e+03	5.22047e+03
6.06000e+02	5.18822e+03	5.24762e+03	5.23108e+03	5.27355e+03	5.22896e+03	5.22490e+03
6.07000e+02	5.18936e+03	5.23285e+03	5.22906e+03	5.28262e+03	5.23019e+03	5.22330e+03
6.08000e+02	5.19498e+03	5.23177e+03	5.04514e+03	5.26343e+03	5.22642e+03	5.22346e+03
6.09000e+02	4.32418e+03	4.37604e+03	4.10809e+03	2.87659e+03	5.22662e+03	5.22160e+03
6.10000e+02	4.32848e+03	5.08295e+03	4.32529e+03	4.35938e+03	5.23367e+03	5.22077e+03
6.11000e+02	2.90968e+03	3.01979e+03	5.23166e+03	5.03972e+03	3.70247e+03	5.22651e+03
6.12000e+02	4.96911e+03	4.36641e+03	5.21615e+03	5.26429e+03	4.96596e+03	3.16577e+03
6.13000e+02	4.32147e+03	4.49974e+03	5.23229e+03	5.26424e+03	4.32604e+03	4.31599e+03
6.14000e+02	4.68241e+03	2.85150e+03	5.22300e+03	5.26840e+03	5.22722e+03	4.96210e+03
6.15000e+02	3.92966e+03	5.24180e+03	5.23449e+03	5.27119e+03	5.23133e+03	5.22675e+03
6.16000e+02	5.17882e+03	5.25301e+03	5.23058e+03	5.26865e+03	5.23574e+03	5.22760e+03
6.17000e+02	5.17700e+03	5.25442e+03	5.23303e+03	5.26190e+03	5.22992e+03	5.22948e+03
6.18000e+02	5.18196e+03	5.24066e+03	5.23201e+03	5.26728e+03	5.23245e+03	5.21334e+03
6.19000e+02	5.19069e+03	5.24256e+03	5.23051e+03	5.27172e+03	5.23197e+03	5.22398e+03
6.20000e+02	5.19380e+03	5.23972e+03	5.23246e+03	5.27489e+03	5.21732e+03	5.22035e+03
6.21000e+02	4.46972e+03	4.38210e+03	3.52967e+03	5.27411e+03	5.22411e+03	5.21616e+03
6.22000e+02	4.33154e+03	4.47827e+03	4.93115e+03	3.48549e+03	5.22808e+03	5.21663e+03
6.23000e+02	4.52821e+03	2.90268e+03	4.32600e+03	4.36556e+03	5.22769e+03	5.21714e+03
6.24000e+02	4.17715e+03	5.18936e+03	5.22744e+03	5.26285e+03	4.02674e+03	5.21556e+03
6.25000e+02	4.32439e+03	4.38384e+03	5.22763e+03	5.26657e+03	4.96209e+03	2.88251e+03
6.26000e+02	4.86754e+03	4.75301e+03	5.23184e+03	5.25971e+03	4.32972e+03	4.32097e+03
6.27000e+02	2.95377e+03	3.77431e+03	5.22727e+03	5.26669e+03	5.22657e+03	4.74723e+03
6.28000e+02	5.18246e+03	5.25417e+03	5.23250e+03	5.26620e+03	5.23133e+03	5.22615e+03
6.29000e+02	5.18177e+03	5.24875e+03	5.22555e+03	5.26206e+03	5.23321e+03	5.22729e+03
6.30000e+02	5.18156e+03	5.24825e+03	5.22665e+03	5.25315e+03	5.22943e+03	5.22765e+03
6.31000e+02	5.18228e+03	5.24409e+03	5.21768e+03	5.27024e+03	5.23304e+03	5.22152e+03
6.32000e+02	5.19233e+03	5.24307e+03	5.21947e+03	5.26820e+03	5.21633e+03	5.22517e+03
6.33000e+02	4.98775e+03	4.38551e+03	5.22200e+03	5.27465e+03	5.22860e+03	5.22476e+03
6.34000e+02	4.31948e+03	4.37495e+03	3.70496e+03	5.26845e+03	5.22964e+03	5.22469e+03
6.35000e+02	4.96750e+03	3.67120e+03	4.97930e+03	3.04125e+03	5.22539e+03	5.21668e+03
6.36000e+02	3.04427e+03	4.90805e+03	4.32674e+03	4.35999e+03	5.22661e+03	5.22120e+03
6.37000e+02	4.31245e+03	4.38087e+03	5.22157e+03	5.05905e+03	5.22414e+03	5.21204e+03
6.38000e+02	4.32305e+03	4.77306e+03	5.21365e+03	5.25155e+03	3.24004e+03	2.81576e+03
6.39000e+02	3.78907e+03	2.93448e+03	5.22080e+03	5.25822e+03	4.32198e+03	4.75949e+03
6.40000e+02	4.94430e+03	5.25357e+03	5.22091e+03	5.26346e+03	4.70595e+03	4.32944e+03
6.41000e+02	5.17838e+03	5.24142e+03	5.22174e+03	5.26052e+03	5.22821e+03	5.22085e+03
6.42000e+02	5.18453e+03	5.25110e+03	5.22525e+03	5.25842e+03	5.23198e+03	5.22406e+03
6.43000e+02	5.18825e+03	5.24145e+03	5.21839e+03	5.26062e+03	5.23441e+03	5.22535e+03
6.44000e+02	5.19698e+03	5.24618e+03	5.21960e+03	5.26445e+03	5.22855e+03	5.22575e+03
6.45000e+02	5.19805e+03	4.74136e+03	5.21743e+03	5.26440e+03	5.23165e+03	5.22216e+03
6.46000e+02	4.32645e+03	4.36422e+03	5.22092e+03	5.26741e+03	5.21451e+03	5.21911e+03
6.47000e+02	4.62761e+03	5.12666e+03	5.21555e+03	5.26787e+03	5.22491e+03	5.22474e+03
6.48000e+02	2.88446e+03	3.31711e+03	3.45035e+03	2.87618e+03	5.22244e+03	5.20875e+03
6.49000e+02	5.11830e+03	4.38203e+03	4.32505e+03	4.58473e+03	5.20332e+03	5.21273e+03
6.50000e+02	4.31481e+03	4.38194e+03	5.22420e+03	4.41681e+03	5.22462e+03	5.21289e+03
6.51000e+02	4.91347e+03	3.05970e+03	5.21990e+03	5.26605e+03	2.94480e+03	3.60021e+03
6.52000e+02	3.40692e+03	5.24158e+03	5.23321e+03	5.26218e+03	4.42490e+03	5.07662e+03
6.53000e+02	5.17761e+03	5.24325e+03	5.21524e+03	5.25676e+03	4.32276e+03	4.30512e+03
6.54000e+02	5.18521e+03	5.25229e+03	5.23476e+03	5.26083e+03	5.23288e+03	5.23125e+03
6.55000e+02	5.18127e+03	5.24953e+03	5.22470e+03	5.26646e+03	5.23560e+03	5.22841e+03
6.56000e+02	5.18868e+03	5.24599e+03	5.21496e+03	5.26535e+03	5.23101e+03	5.20738e+03
6.57000e+02	5.18576e+03	5.24375e+03	5.22827e+03	5.26624e+03	5.22752e+03	5.22336e+03
6.58000e+02	4.32383e+03	4.38088e+03	5.22990e+03	5.27028e+03	5.22691e+03	5.22376e+03
6.59000e+02	4.31890e+03	5.03399e+03	5.22667e+03	5.27280e+03	5.21877e+03	5.21918e+03
6.60000e+02	2.86333e+03	3.02266e+03	5.22115e+03	5.25666e+03	5.22516e+03	5.22247e+03
6.61000e+02	5.18517e+03	4.79949e+03	2.82697e+03	3.28841e+03	5.23009e+03	5.22154e+03
6.62000e+02	4.32895e+03	4.38547e+03	4.32697e+03	4.95120e+03	5.23051e+03	5.21572e+03
6.63000e+02	4.91865e+03	4.46101e+03	4.66957e+03	4.36351e+03	5.22232e+03	5.20392e+03
6.64000e+02	2.97571e+03	3.94538e+03	5.22888e+03	5.24627e+03	3.02703e+03	5.00762e+03
6.65000e+02	5.17953e+03	5.25281e+03	5.23507e+03	5.26270e+03	4.79538e+03	3.87378e+03
6.66000e+02	5.15923e+03	5.24984e+03	5.22710e+03	5.26407e+03	4.32350e+03	4.32732e+03
6.67000e+02	5.18546e+03	5.24746e+03	5.22834e+03	5.26374e+03	5.22261e+03	5.18695e+03
6.68000e+02	5.19646e+03	5.25079e+03	5.23031e+03	5.26494e+03	5.22937e+03	5.22495e+03
6.69000e+02	5.18356e+03	5.09823e+03	5.22693e+03	5.25774e+03	5.23175e+03	5.22444e+03
6.70000e+02	4.32576e+03	4.37825e+03	5.22841e+03	5.26320e+03	5.23131e+03	5.22258e+03
6.71000e+02	4.51150e+03	5.13476e+03	5.23005e+03	5.26973e+03	5.21481e+03	5.21964e+03
6.72000e+02	2.79291e+03	3.22282e+03	5.22823e+03	5.26365e+03	5.22372e+03	5.23193e+03
6.73000e+02	5.17724e+03	5.24957e+03	5.22357e+03	5.27310e+03	5.23271e+03	5.22682e+03
6.74000e+02	4.31385e+03	4.37344e+03	3.03161e+03	4.90160e+03	5.22866e+03	5.21894e+03
6.75000e+02	4.31384e+03	5.09303e+03	4.71250e+03	4.16667e+03	5.21759e+03	5.21143e+03
6.76000e+02	2.94157e+03	3.05990e+03	4.34341e+03	4.35721e+03	5.22900e+03	5.20020e+03
6.77000e+02	5.17956e+03	5.24619e+03	5.22699e+03	5.25226e+03	4.90146e+03	5.21399e+03
6.78000e+02	5.17439e+03	5.24415e+03	5.22963e+03	5.26463e+03	3.93205e+03	2.80655e+03
6.79000e+02	5.18392e+03	5.23782e+03	5.22320e+03	5.26655e+03	4.32058e+03	4.45190e+03
6.80000e+02	5.17240e+03	5.24157e+03	5.22904e+03	5.26866e+03	5.12933e+03	4.33223e+03
6.81000e+02	4.84280e+03	4.37323e+03	5.23094e+03	5.26527e+03	5.22351e+03	5.22428e+03
6.82000e+02	4.31504e+03	4.36039e+03	5.23171e+03	5.26198e+03	5.23054e+03	5.22273e+03
6.83000e+02	4.96781e+03	2.88586e+03	5.22723e+03	5.26170e+03	5.22923e+03	5.21976e+03
6.84000e+02	4.26261e+03	5.24206e+03	5.22876e+03	5.26839e+03	5.22836e+03	5.21528e+03
6.85000e+02	5.14937e+03	5.24755e+03	5.22502e+03	5.26927e+03	5.22805e+03	5.22458e+03
6.86000e+02	4.31827e+03	4.37093e+03	5.22906e+03	5.27412e+03	5.22910e+03	5.22165e+03
6.87000e+02	4.31777e+03	4.74398e+03	3.85903e+03	5.26889e+03	5.23034e+03	5.20900e+03
6.88000e+02	3.69757e+03	2.93839e+03	5.00495e+03	2.92409e+03	5.22439e+03	5.20853e+03
6.89000e+02	5.18318e+03	5.23883e+03	4.33113e+03	4.35536e+03	5.21997e+03	5.21677e+03
6.90000e+02	5.17563e+03	5.24970e+03	5.23334e+03	5.05158e+03	5.22573e+03	5.21593e+03
6.91000e+02	5.17913e+03	5.24180e+03	5.23247e+03	5.26380e+03	2.98948e+03	4.08380e+03
6.92000e+02	5.18286e+03	5.23961e+03	5.22947e+03	5.26773e+03	4.58472e+03	4.82667e+03
6.93000e+02	4.31429e+03	4.36833e+03	5.22770e+03	5.26084e+03	4.33334e+03	4.32293e+03
6.94000e+02	4.35990e+03	5.13044e+03	5.22921e+03	5.26116e+03	5.22075e+03	5.22972e+03
6.95000e+02	2.78167e+03	3.03562e+03	5.23182e+03	5.26384e+03	5.23324e+03	5.22600e+03
6.96000e+02	5.18923e+03	5.24855e+03	5.22570e+03	5.26599e+03	5.23300e+03	5.22852e+03
6.97000e+02	5.17066e+03	5.24214e+03	5.23144e+03	5.27024e+03	5.23446e+03	5.23022e+03
6.98000e+02	4.32659e+03	4.37434e+03	5.22752e+03	5.27390e+03	5.23749e+03	5.21924e+03
6.99000e+02	4.32237e+03	5.12204e+03	5.22902e+03	5.27265e+03	5.23168e+03	5.21774e+03
7.00000e+02	2.96871e+03	3.05754e+03	5.22298e+03	5.27021e+03	5.23192e+03	5.22439e+03
7.01000e+02	5.17752e+03	5.24320e+03	3.40014e+03	2.87929e+03	5.21356e+03	5.21674e+03
7.02000e+02	5.18081e+03	5.25040e+03	4.33352e+03	4.57457e+03	5.23217e+03	5.20378e+03
7.03000e+02	5.18211e+03	5.24302e+03	5.19352e+03	4.36045e+03	5.23062e+03	5.21223e+03
7.04000e+02	5.01657e+03	4.37395e+03	5.23132e+03	5.25009e+03	3.26567e+03	5.21675e+03
7.05000e+02	4.32306e+03	4.36384e+03	5.22617e+03	5.25367e+03	4.95310e+03	3.37582e+03
7.06000e+02	4.94966e+03	3.17440e+03	5.23110e+03	5.26547e+03	4.33169e+03	4.32008e+03
7.07000e+02	3.71575e+03	5.24438e+03	5.22716e+03	5.26245e+03	5.23037e+03	5.02538e+03
7.08000e+02	5.17911e+03	5.24938e+03	5.22772e+03	5.26054e+03	5.23293e+03	5.22864e+03
7.09000e+02	5.18139e+03	5.25197e+03	5.23089e+03	5.25789e+03	5.23151e+03	5.22414e+03
7.10000e+02	4.48981e+03	4.37475e+03	5.23178e+03	5.26117e+03	5.22547e+03	5.22539e+03
7.11000e+02	4.32940e+03	4.38194e+03	5.22790e+03	5.26858e+03	5.22667e+03	5.21536e+03
7.12000e+02	4.94386e+03	3.04925e+03	5.22995e+03	5.27853e+03	5.22281e+03	5.22189e+03
7.13000e+02	3.35236e+03	5.25288e+03	5.23069e+03	5.28359e+03	5.22421e+03	5.22536e+03
7.14000e+02	5.15163e+03	5.25758e+03	2.81434e+03	3.24451e+03	5.21328e+03	5.21888e+03
7.15000e+02	5.16134e+03	5.25191e+03	4.33933e+03	4.90031e+03	5.21194e+03	5.21646e+03
7.16000e+02	4.44249e+03	4.37784e+03	4.73226e+03	4.37343e+03	5.21285e+03	5.21376e+03
7.17000e+02	4.32324e+03	4.56746e+03	5.22770e+03	5.26490e+03	4.62119e+03	5.22062e+03
7.18000e+02	4.06633e+03	2.92276e+03	5.23221e+03	5.26320e+03	4.11905e+03	2.80504e+03
7.19000e+02	4.90039e+03	5.25247e+03	5.23926e+03	5.25708e+03	4.30936e+03	4.40049e+03
7.20000e+02	5.18639e+03	5.24670e+03	5.23358e+03	5.26362e+03	5.15445e+03	4.31758e+03
7.21000e+02	5.15744e+03	5.24322e+03	5.23960e+03	5.26831e+03	5.22744e+03	5.20555e+03
7.22000e+02	5.19107e+03	5.24664e+03	5.23450e+03	5.26688e+03	5.22961e+03	5.20935e+03
7.23000e+02	4.32947e+03	4.37228e+03	5.23295e+03	5.27441e+03	5.22746e+03	5.20931e+03
7.24000e+02	4.32968e+03	4.93299e+03	5.23212e+03	5.27635e+03	5.22861e+03	5.22457e+03
7.25000e+02	3.45678e+03	2.98424e+03	5.23674e+03	5.27902e+03	5.22609e+03	5.22127e+03
7.26000e+02	5.18827e+03	5.25151e+03	5.23081e+03	5.27072e+03	5.22468e+03	5.22137e+03
7.27000e+02	5.17169e+03	5.24876e+03	3.20579e+03	2.87840e+03	5.22544e+03	5.21929e+03
7.28000e+02	4.32250e+03	4.37874e+03	4.34386e+03	4.58505e+03	5.23398e+03	5.21516e+03
7.29000e+02	4.30955e+03	4.93321e+03	5.12633e+03	4.37872e+03	5.22997e+03	5.22232e+03
7.30000e+02	3.12685e+03	2.99283e+03	5.24354e+03	5.26848e+03	5.23069e+03	5.22414e+03
7.31000e+02	5.16083e+03	5.24778e+03	5.23857e+03	5.26119e+03	2.88419e+03	3.22420e+03
7.32000e+02	5.18799e+03	5.25439e+03	5.23834e+03	5.26524e+03	4.32152e+03	4.94241e+03
7.33000e+02	5.18791e+03	5.25072e+03	5.24208e+03	5.27209e+03	4.55214e+03	4.31865e+03
7.34000e+02	5.19069e+03	5.24811e+03	5.23758e+03	5.27333e+03	5.23661e+03	5.23086e+03
7.35000e+02	4.98961e+03	4.38523e+03	5.23474e+03	5.27214e+03	5.23527e+03	5.22894e+03
7.36000e+02	4.33344e+03	4.38233e+03	5.24041e+03	5.27281e+03	5.22894e+03	5.22839e+03
7.37000e+02	4.93726e+03	4.19160e+03	5.23430e+03	5.27484e+03	5.23813e+03	5.22510e+03
7.38000e+02	2.98357e+03	3.92376e+03	5.23761e+03	5.27380e+03	5.23479e+03	5.22437e+03
7.39000e+02	5.16906e+03	5.24854e+03	3.10177e+03	5.27285e+03	5.23075e+03	5.22402e+03
7.40000e+02	4.32827e+03	4.38230e+03	4.69543e+03	4.23947e+03	5.22972e+03	5.22307e+03
7.41000e+02	4.34248e+03	5.14905e+03	4.34938e+03	4.36820e+03	5.23209e+03	5.21361e+03
7.42000e+02	2.77099e+03	3.04593e+03	5.23797e+03	5.27442e+03	5.22716e+03	5.22153e+03
7.43000e+02	5.17525e+03	5.24907e+03	5.23601e+03	5.26323e+03	5.22945e+03	5.21869e+03
7.44000e+02	5.19303e+03	5.25706e+03	5.23730e+03	5.26905e+03	2.97922e+03	4.00400e+03
7.45000e+02	5.19030e+03	5.25481e+03	5.23752e+03	5.26721e+03	4.49472e+03	5.06410e+03
7.46000e+02	5.19770e+03	5.23512e+03	5.23612e+03	5.26539e+03	4.33114e+03	4.31853e+03
7.47000e+02	5.19410e+03	5.24446e+03	5.23443e+03	5.26627e+03	5.23494e+03	5.22418e+03
7.48000e+02	4.32633e+03	4.37790e+03	5.23744e+03	5.27002e+03	5.23176e+03	5.21461e+03
7.49000e+02	4.32783e+03	4.96207e+03	5.23626e+03	5.27465e+03	5.21998e+03	5.21911e+03
7.50000e+02	3.35374e+03	3.00040e+03	5.23392e+03	5.27912e+03	5.23498e+03	5.22754e+03
7.51000e+02	5.17956e+03	5.24841e+03	5.23086e+03	5.27525e+03	5.23505e+03	5.22457e+03
7.52000e+02	4.32087e+03	4.37815e+03	2.98494e+03	2.93158e+03	5.23542e+03	5.22829e+03
7.53000e+02	4.48097e+03	5.13786e+03	4.34181e+03	4.73165e+03	5.23393e+03	5.22931e+03
7.54000e+02	2.81959e+03	3.08985e+03	4.92765e+03	4.38028e+03	5.22675e+03	5.22360e+03
7.55000e+02	5.18790e+03	5.25159e+03	5.24309e+03	5.26900e+03	5.23092e+03	5.21409e+03
7.56000e+02	5.18757e+03	5.25066e+03	5.23506e+03	5.26521e+03	5.23042e+03	5.21880e+03
7.57000e+02	5.18795e+03	5.24762e+03	5.23810e+03	5.26957e+03	2.91055e+03	3.22324e+03
7.58000e+02	5.17438e+03	5.24252e+03	5.24263e+03	5.26876e+03	4.32397e+03	4.88566e+03
7.59000e+02	5.19084e+03	5.23716e+03	5.23589e+03	5.26955e+03	4.59098e+03	4.32407e+03
7.60000e+02	5.01263e+03	4.38551e+03	5.23261e+03	5.26885e+03	5.23412e+03	5.21953e+03
7.61000e+02	4.32856e+03	4.37875e+03	5.23431e+03	5.25338e+03	5.24116e+03	5.23038e+03
7.62000e+02	4.96423e+03	4.09202e+03	5.22752e+03	5.27547e+03	5.23316e+03	5.22304e+03
7.63000e+02	2.98606e+03	4.00902e+03	5.22904e+03	5.28295e+03	5.23330e+03	5.22921e+03
7.64000e+02	4.32428e+03	4.37978e+03	3.38815e+03	5.27704e+03	5.23033e+03	5.21473e+03
7.65000e+02	4.46192e+03	5.14358e+03	4.86604e+03	3.71051e+03	5.21266e+03	5.21960e+03
7.66000e+02	2.85038e+03	3.10159e+03	4.34797e+03	4.36395e+03	5.21103e+03	5.21507e+03
7.67000e+02	5.17286e+03	5.24907e+03	5.23085e+03	5.26337e+03	5.22138e+03	5.20840e+03
7.68000e+02	5.19073e+03	5.24873e+03	5.22819e+03	5.26406e+03	5.22115e+03	5.21183e+03
7.69000e+02	5.18750e+03	5.25467e+03	5.24092e+03	5.26680e+03	5.22401e+03	5.20650e+03
7.70000e+02	5.17491e+03	5.24516e+03	5.24366e+03	5.27134e+03	3.25261e+03	5.21744e+03
7.71000e+02	5.19790e+03	5.24750e+03	5.23393e+03	5.26852e+03	4.96139e+03	3.31907e+03
7.72000e+02	5.19977e+03	5.24207e+03	5.22886e+03	5.27160e+03	4.32459e+03	4.30948e+03
7.73000e+02	4.33354e+03	4.38380e+03	5.23674e+03	5.26969e+03	5.21248e+03	4.76913e+03
7.74000e+02	4.33213e+03	4.93512e+03	5.22084e+03	5.27237e+03	5.23065e+03	5.22747e+03
7.75000e+02	3.30955e+03	2.99778e+03	5.23585e+03	5.27951e+03	5.20921e+03	5.21889e+03
7.76000e+02	4.32717e+03	4.37619e+03	5.23193e+03	5.28272e+03	5.22362e+03	5.21516e+03
7.77000e+02	4.53884e+03	5.14270e+03	2.99319e+03	4.49507e+03	5.22655e+03	5.22666e+03
7.78000e+02	2.88770e+03	3.39468e+03	4.59008e+03	4.83891e+03	5.21116e+03	5.21367e+03
7.79000e+02	5.18259e+03	5.25032e+03	4.34467e+03	4.37530e+03	5.21566e+03	5.21409e+03
7.80000e+02	5.18800e+03	5.24814e+03	5.24007e+03	5.26387e+03	5.20694e+03	5.21056e+03
7.81000e+02	5.18623e+03	5.24986e+03	5.23627e+03	5.26845e+03	5.22443e+03	5.21090e+03
7.82000e+02	5.19374e+03	5.24663e+03	5.23732e+03	5.26582e+03	5.22458e+03	5.21240e+03
7.83000e+02	5.18993e+03	5.24314e+03	5.23613e+03	5.26369e+03	5.22428e+03	5.20498e+03
7.84000e+02	5.19725e+03	5.24373e+03	5.23288e+03	5.26698e+03	2.94832e+03	3.75783e+03
7.85000e+02	5.19180e+03	4.38952e+03	5.23969e+03	5.27153e+03	4.46914e+03	5.05760e+03
7.86000e+02	4.32070e+03	4.37661e+03	5.23783e+03	5.27032e+03	4.32011e+03	4.30546e+03
7.87000e+02	4.81019e+03	4.67237e+03	5.23317e+03	5.27155e+03	5.22680e+03	5.21534e+03
7.88000e+02	2.83360e+03	3.08288e+03	5.21965e+03	5.28072e+03	5.21157e+03	5.21402e+03
7.89000e+02	4.31619e+03	4.69263e+03	5.23272e+03	5.27918e+03	5.23217e+03	5.22534e+03
7.90000e+02	3.55251e+03	2.95770e+03	2.86352e+03	3.53287e+03	5.22045e+03	5.22021e+03
7.91000e+02	5.15844e+03	5.24393e+03	4.32278e+03	5.12216e+03	5.22795e+03	5.21541e+03
7.92000e+02	5.18783e+03	5.25404e+03	4.45484e+03	4.36898e+03	5.20447e+03	5.22162e+03
7.93000e+02	5.18419e+03	5.24842e+03	5.24100e+03	5.26162e+03	5.22639e+03	5.21340e+03
7.94000e+02	5.18985e+03	5.24737e+03	5.24172e+03	5.26529e+03	5.22427e+03	5.21360e+03
7.95000e+02	5.16650e+03	5.24437e+03	5.22497e+03	5.27045e+03	5.22459e+03	5.20932e+03
7.96000e+02	5.19467e+03	5.24333e+03	5.23791e+03	5.27369e+03	5.22241e+03	5.20884e+03
7.97000e+02	5.19475e+03	5.24573e+03	5.23657e+03	5.27050e+03	4.35922e+03	5.21730e+03
7.98000e+02	4.50074e+03	4.38127e+03	5.23622e+03	5.26795e+03	4.16974e+03	2.80017e+03
7.99000e+02	4.33065e+03	4.38469e+03	5.22417e+03	5.27083e+03	4.32037e+03	4.40645e+03
8.00000e+02	4.98480e+03	2.94777e+03	5.23735e+03	5.27617e+03	5.15086e+03	4.31958e+03
8.01000e+02	2.54628e+03	4.17455e+03	5.23423e+03	5.28493e+03	5.22846e+03	5.22536e+03
8.02000e+02	4.89672e+03	4.56003e+03	5.22734e+03	5.28097e+03	5.22854e+03	5.22367e+03
8.03000e+02	2.92995e+03	3.72378e+03	2.85181e+03	3.08061e+03	5.22416e+03	5.21733e+03
8.04000e+02	5.19226e+03	5.24838e+03	4.33746e+03	4.88828e+03	5.21841e+03	5.22088e+03
8.05000e+02	5.16327e+03	5.25056e+03	4.70507e+03	4.36295e+03	5.21214e+03	5.22073e+03
8.06000e+02	5.19183e+03	5.25010e+03	5.24180e+03	5.27204e+03	5.22102e+03	5.22007e+03
8.07000e+02	5.18314e+03	5.24653e+03	5.23761e+03	5.27410e+03	5.22787e+03	5.21827e+03
8.08000e+02	5.18997e+03	5.24451e+03	5.23011e+03	5.26549e+03	5.21863e+03	5.21519e+03
8.09000e+02	5.19559e+03	5.24100e+03	5.23587e+03	5.26895e+03	5.22860e+03	5.21465e+03
8.10000e+02	5.18798e+03	5.24248e+03	5.24228e+03	5.27073e+03	5.22918e+03	5.21494e+03
8.11000e+02	4.42956e+03	4.37924e+03	5.23469e+03	5.26285e+03	2.95211e+03	3.62644e+03
8.12000e+02	4.32370e+03	4.40801e+03	5.23584e+03	5.27218e+03	4.42129e+03	5.06241e+03
8.13000e+02	4.98929e+03	2.84755e+03	5.23759e+03	5.27586e+03	4.32240e+03	4.30398e+03
8.14000e+02	2.53396e+03	3.63459e+03	5.23362e+03	5.27130e+03	5.22465e+03	5.22066e+03
8.15000e+02	4.98916e+03	3.45245e+03	5.22459e+03	5.27850e+03	5.22623e+03	5.21867e+03
8.16000e+02	3.03916e+03	4.65807e+03	3.11468e+03	2.88377e+03	5.20521e+03	5.21813e+03
8.17000e+02	5.17990e+03	5.24869e+03	4.33477e+03	4.73404e+03	5.22766e+03	5.22519e+03
8.18000e+02	5.18240e+03	5.25002e+03	4.89047e+03	4.36868e+03	5.22067e+03	5.22250e+03
8.19000e+02	5.18079e+03	5.24465e+03	5.23885e+03	5.26248e+03	5.21168e+03	5.21417e+03
8.20000e+02	5.18872e+03	5.24813e+03	5.24002e+03	5.26488e+03	5.21771e+03	5.21964e+03
8.21000e+02	5.18115e+03	5.24132e+03	5.24266e+03	5.27090e+03	5.22477e+03	5.21531e+03
8.22000e+02	5.18946e+03	5.23837e+03	5.22974e+03	5.26987e+03	5.22671e+03	5.21696e+03
8.23000e+02	5.19004e+03	5.24024e+03	5.23663e+03	5.26781e+03	5.22400e+03	5.21318e+03
8.24000e+02	4.63729e+03	4.37627e+03	5.23311e+03	5.27185e+03	4.26298e+03	5.21737e+03
8.25000e+02	4.32000e+03	4.36973e+03	5.22986e+03	5.27537e+03	4.24861e+03	2.79968e+03
8.26000e+02	4.98248e+03	2.94295e+03	5.23819e+03	5.27850e+03	4.31932e+03	4.35374e+03
8.27000e+02	2.53683e+03	3.77167e+03	5.23368e+03	5.28485e+03	5.22931e+03	4.58632e+03
8.28000e+02	4.98912e+03	3.50807e+03	5.22882e+03	5.28108e+03	5.22816e+03	5.22223e+03
8.29000e+02	3.03496e+03	4.66134e+03	3.16147e+03	2.88050e+03	5.22659e+03	5.22093e+03
8.30000e+02	5.17440e+03	5.24642e+03	4.33224e+03	4.72937e+03	5.22667e+03	5.22463e+03
8.31000e+02	5.17767e+03	5.24913e+03	4.91117e+03	4.36952e+03	5.22938e+03	5.21792e+03
8.32000e+02	5.16818e+03	5.24693e+03	5.24071e+03	5.27557e+03	5.22538e+03	5.21902e+03
8.33000e+02	5.17925e+03	5.24051e+03	5.23544e+03	5.27272e+03	5.23215e+03	5.21891e+03
8.34000e+02	5.18318e+03	5.24087e+03	5.23968e+03	5.27211e+03	5.22973e+03	5.22386e+03
8.35000e+02	5.18862e+03	5.24142e+03	5.23642e+03	5.27163e+03	5.23032e+03	5.21732e+03
8.36000e+02	5.18871e+03	5.23478e+03	5.23305e+03	5.26906e+03	5.22030e+03	5.21373e+03
8.37000e+02	4.31987e+03	4.37149e+03	5.23311e+03	5.27105e+03	5.22962e+03	5.20969e+03
8.38000e+02	4.31438e+03	4.99881e+03	5.23819e+03	5.27422e+03	2.93770e+03	3.58573e+03
8.39000e+02	2.98475e+03	2.45461e+03	5.23606e+03	5.28145e+03	4.40295e+03	4.87785e+03
8.40000e+02	4.31528e+03	4.69014e+03	5.23374e+03	5.27950e+03	4.43326e+03	4.23530e+03
8.41000e+02	3.35993e+03	2.97293e+03	5.23267e+03	5.27865e+03	5.23046e+03	5.22101e+03
8.42000e+02	5.18093e+03	5.24686e+03	3.46580e+03	2.88011e+03	5.23495e+03	5.22501e+03
8.43000e+02	5.17947e+03	5.24293e+03	4.33606e+03	4.60487e+03	5.23148e+03	5.22266e+03
8.44000e+02	5.18463e+03	5.24367e+03	5.04236e+03	4.37623e+03	5.23061e+03	5.22581e+03
8.45000e+02	5.17963e+03	5.23700e+03	5.23914e+03	5.26818e+03	5.23129e+03	5.21486e+03
8.46000e+02	5.17491e+03	5.23563e+03	5.24086e+03	5.27198e+03	5.23058e+03	5.22458e+03
8.47000e+02	5.18363e+03	5.24461e+03	5.23486e+03	5.26925e+03	5.22933e+03	5.21812e+03
8.48000e+02	5.18407e+03	5.24305e+03	5.23628e+03	5.26813e+03	5.22844e+03	5.21904e+03
8.49000e+02	4.60170e+03	4.37102e+03	5.23815e+03	5.26930e+03	5.22635e+03	5.20990e+03
8.50000e+02	4.31983e+03	4.42561e+03	5.24086e+03	5.26867e+03	5.22996e+03	5.20987e+03
8.51000e+02	4.92414e+03	2.59950e+03	5.23934e+03	5.27278e+03	4.80349e+03	5.21015e+03
8.52000e+02	2.75827e+03	4.36901e+03	5.23110e+03	5.27786e+03	3.87586e+03	2.53238e+03
8.53000e+02	4.99032e+03	3.52366e+03	5.23220e+03	5.27879e+03	4.18665e+03	3.67251e+03
8.54000e+02	3.04146e+03	4.77840e+03	5.23493e+03	5.27877e+03	5.22884e+03	3.87711e+03
8.55000e+02	5.15987e+03	5.24267e+03	2.93751e+03	3.96061e+03	5.22949e+03	5.22150e+03
8.56000e+02	5.18518e+03	5.24664e+03	4.49408e+03	5.13359e+03	5.23291e+03	5.22464e+03
8.57000e+02	5.16358e+03	5.24865e+03	4.34124e+03	4.36759e+03	5.22915e+03	5.22351e+03
8.58000e+02	5.18846e+03	5.24431e+03	5.23921e+03	5.27377e+03	5.23858e+03	5.22486e+03
8.59000e+02	5.18516e+03	5.24206e+03	5.23659e+03	5.27376e+03	5.23324e+03	5.22805e+03
8.60000e+02	5.19496e+03	5.24163e+03	5.23694e+03	5.27730e+03	5.22793e+03	5.22333e+03
8.61000e+02	5.19557e+03	4.74786e+03	5.23512e+03	5.27907e+03	5.22934e+03	5.21818e+03
8.62000e+02	4.32241e+03	4.37259e+03	5.23999e+03	5.27140e+03	5.22896e+03	5.21868e+03
8.63000e+02	4.64618e+03	5.13449e+03	5.23767e+03	5.27271e+03	5.23027e+03	5.21649e+03
8.64000e+02	2.61192e+03	2.83725e+03	5.23392e+03	5.27444e+03	5.22727e+03	4.84748e+03
8.65000e+02	4.31809e+03	5.16128e+03	5.23963e+03	5.27368e+03	3.09432e+03	4.33430e+03
8.66000e+02	2.79482e+03	3.04430e+03	5.23263e+03	5.28094e+03	4.46065e+03	2.43736e+03
8.67000e+02	5.16490e+03	5.24698e+03	5.23684e+03	5.28098e+03	3.67655e+03	3.59378e+03
8.68000e+02	5.17390e+03	5.25106e+03	4.72535e+03	5.28029e+03	4.66704e+03	3.90048e+03
8.69000e+02	5.18345e+03	5.24091e+03	3.80554e+03	2.87878e+03	5.22987e+03	5.16862e+03
8.70000e+02	5.18638e+03	5.24539e+03	4.34049e+03	4.47770e+03	5.22912e+03	5.21711e+03
8.71000e+02	5.18360e+03	5.24781e+03	5.20765e+03	4.37838e+03	5.22957e+03	5.22514e+03
8.72000e+02	5.19626e+03	5.24404e+03	5.24079e+03	5.27653e+03	5.23199e+03	5.21350e+03
8.73000e+02	5.17735e+03	5.13098e+03	5.23708e+03	5.27614e+03	5.23224e+03	5.22620e+03
8.74000e+02	4.32329e+03	4.37256e+03	5.23476e+03	5.27510e+03	5.23266e+03	5.22090e+03
8.75000e+02	4.40657e+03	5.13489e+03	5.24260e+03	5.27999e+03	5.22900e+03	5.22429e+03
8.76000e+02	2.79186e+03	2.54137e+03	5.23889e+03	5.27498e+03	5.22561e+03	5.21773e+03
8.77000e+02	4.31818e+03	4.66427e+03	5.23466e+03	5.27170e+03	5.22098e+03	4.71300e+03
8.78000e+02	3.43194e+03	2.96684e+03	5.23482e+03	5.27711e+03	5.06134e+03	4.33923e+03
8.79000e+02	5.18627e+03	5.24911e+03	5.23704e+03	5.27842e+03	2.96719e+03	4.33693e+03
8.80000e+02	5.18406e+03	5.25182e+03	5.23728e+03	5.27610e+03	3.84325e+03	2.35898e+03
8.81000e+02	5.18278e+03	5.24583e+03	5.23638e+03	5.28529e+03	3.56068e+03	3.60012e+03
8.82000e+02	5.19080e+03	5.23905e+03	3.65752e+03	5.28160e+03	4.36660e+03	3.89023e+03
8.83000e+02	5.16181e+03	5.24540e+03	4.89538e+03	2.87034e+03	5.22696e+03	4.46286e+03
8.84000e+02	5.19456e+03	5.24396e+03	4.34311e+03	4.37349e+03	5.22375e+03	4.80722e+03
8.85000e+02	5.19400e+03	5.23935e+03	5.23374e+03	4.39291e+03	5.23588e+03	4.96419e+03
8.86000e+02	4.32201e+03	4.36554e+03	5.23870e+03	5.28142e+03	5.23539e+03	5.01557e+03
8.87000e+02	4.32192e+03	4.79203e+03	5.23681e+03	5.27483e+03	5.23634e+03	5.01583e+03
8.88000e+02	3.47780e+03	2.52254e+03	5.23360e+03	5.27585e+03	5.23573e+03	5.01976e+03
8.89000e+02	4.11188e+03	4.37134e+03	5.23323e+03	5.27734e+03	5.22935e+03	5.03923e+03
8.90000e+02	4.95957e+03	2.88674e+03	5.23785e+03	5.27679e+03	5.23406e+03	5.01824e+03
8.91000e+02	4.01847e+03	5.24692e+03	5.23600e+03	5.27600e+03	5.23158e+03	4.65775e+03
8.92000e+02	5.18475e+03	5.24700e+03	5.24135e+03	5.27917e+03	5.05844e+03	4.34740e+03
8.93000e+02	5.17043e+03	5.24751e+03	5.23588e+03	5.27731e+03	3.04509e+03	4.34075e+03
8.94000e+02	5.18513e+03	5.24460e+03	5.23612e+03	5.27876e+03	3.99582e+03	2.35370e+03
8.95000e+02	5.18498e+03	5.24358e+03	5.23478e+03	5.28052e+03	3.57745e+03	3.60412e+03
8.96000e+02	5.19029e+03	5.24400e+03	3.71976e+03	5.28439e+03	4.56633e+03	4.07688e+03
8.97000e+02	5.18620e+03	5.23820e+03	4.88972e+03	2.87292e+03	5.23979e+03	4.75242e+03
8.98000e+02	4.99747e+03	4.37641e+03	4.34171e+03	4.37760e+03	5.24227e+03	5.20158e+03
8.99000e+02	4.31993e+03	4.36823e+03	5.23374e+03	4.60322e+03	5.23356e+03	5.22413e+03
9.00000e+02	4.98168e+03	3.58506e+03	5.23551e+03	5.27448e+03	5.23624e+03	5.22818e+03
9.01000e+02	2.54000e+03	3.81678e+03	5.23554e+03	5.27505e+03	5.23512e+03	5.22786e+03
9.02000e+02	4.70095e+03	5.12049e+03	5.23928e+03	5.27788e+03	5.23837e+03	5.22417e+03
9.03000e+02	2.88105e+03	3.41851e+03	5.23554e+03	5.27808e+03	5.23430e+03	5.21805e+03
9.04000e+02	5.18860e+03	5.25249e+03	5.23366e+03	5.27452e+03	5.23727e+03	5.22145e+03
9.05000e+02	5.17252e+03	5.24982e+03	5.24085e+03	5.27488e+03	5.23739e+03	4.80053e+03
9.06000e+02	5.18992e+03	5.24791e+03	5.23802e+03	5.28249e+03	5.23902e+03	4.42294e+03
9.07000e+02	5.18911e+03	5.24293e+03	5.23908e+03	5.28302e+03	2.61438e+03	2.94216e+03
9.08000e+02	5.18970e+03	5.23817e+03	5.23204e+03	5.28380e+03	3.57300e+03	4.17521e+03
9.09000e+02	5.17604e+03	5.24488e+03	5.24022e+03	5.28273e+03	3.85531e+03	3.60916e+03
9.10000e+02	5.18953e+03	4.98614e+03	2.89777e+03	3.76815e+03	5.24191e+03	4.96782e+03
9.11000e+02	4.26002e+03	4.37501e+03	4.47147e+03	5.13734e+03	5.24006e+03	5.21976e+03
9.12000e+02	4.53201e+03	5.13187e+03	4.34203e+03	4.37286e+03	5.23756e+03	5.22708e+03
9.13000e+02	2.67408e+03	2.65558e+03	5.24167e+03	5.27343e+03	5.23807e+03	5.22703e+03
9.14000e+02	4.32331e+03	4.92571e+03	5.24152e+03	5.27842e+03	5.24143e+03	5.22501e+03
9.15000e+02	3.02276e+03	3.00383e+03	5.23674e+03	5.27648e+03	5.23653e+03	5.21950e+03
9.16000e+02	5.19239e+03	5.25076e+03	5.23554e+03	5.27209e+03	5.23441e+03	5.22211e+03
9.17000e+02	5.18141e+03	5.24717e+03	5.23796e+03	5.27254e+03	5.23835e+03	5.21678e+03
9.18000e+02	5.18000e+03	5.24958e+03	5.23623e+03	5.27265e+03	5.23733e+03	5.15997e+03
9.19000e+02	5.17735e+03	5.24612e+03	5.23337e+03	5.27327e+03	5.23877e+03	4.62574e+03
9.20000e+02	5.18249e+03	5.24163e+03	5.23784e+03	5.28001e+03	2.82214e+03	4.28868e+03
9.21000e+02	5.18409e+03	5.24293e+03	5.23450e+03	5.28445e+03	4.16100e+03	2.71572e+03
9.22000e+02	5.18738e+03	5.23947e+03	5.23685e+03	5.28309e+03	3.74667e+03	3.60861e+03
9.23000e+02	4.32310e+03	4.36099e+03	3.73008e+03	5.28035e+03	5.06631e+03	4.34224e+03
9.24000e+02	4.31980e+03	4.87846e+03	5.00341e+03	2.88724e+03	5.23842e+03	5.23065e+03
9.25000e+02	3.40764e+03	2.47586e+03	4.34209e+03	4.36731e+03	5.24154e+03	5.22776e+03
9.26000e+02	3.97611e+03	4.36961e+03	5.23951e+03	4.76534e+03	5.23892e+03	5.22851e+03
9.27000e+02	4.74125e+03	2.88743e+03	5.23995e+03	5.27874e+03	5.24135e+03	5.22298e+03
9.28000e+02	3.97499e+03	5.24991e+03	5.23702e+03	5.27477e+03	5.23197e+03	5.22782e+03
9.29000e+02	5.15544e+03	5.24773e+03	5.24062e+03	5.26817e+03	5.23156e+03	5.22077e+03
9.30000e+02	5.18322e+03	5.24393e+03	5.23852e+03	5.27558e+03	5.23829e+03	5.21976e+03
9.31000e+02	5.16519e+03	5.24483e+03	5.23593e+03	5.27374e+03	5.23510e+03	5.21998e+03
9.32000e+02	5.19165e+03	5.24813e+03	5.23551e+03	5.27191e+03	5.23593e+03	5.05335e+03
9.33000e+02	5.18887e+03	5.24464e+03	5.23443e+03	5.27503e+03	5.23325e+03	4.66213e+03
9.34000e+02	5.19587e+03	5.23786e+03	5.23810e+03	5.28296e+03	3.34889e+03	2.44448e+03
9.35000e+02	5.17702e+03	4.41317e+03	5.23639e+03	5.28610e+03	3.71356e+03	3.73667e+03
9.36000e+02	4.32183e+03	4.37737e+03	5.23481e+03	5.28396e+03	4.75750e+03	3.62019e+03
9.37000e+02	4.90599e+03	4.22765e+03	2.87699e+03	3.07707e+03	5.23873e+03	5.22620e+03
9.38000e+02	2.50754e+03	3.31569e+03	4.34125e+03	4.87830e+03	5.24154e+03	5.22563e+03
9.39000e+02	4.57564e+03	5.13772e+03	4.74262e+03	4.37971e+03	5.23624e+03	5.22855e+03
9.40000e+02	2.82565e+03	3.26278e+03	5.23992e+03	5.27542e+03	5.23773e+03	5.22524e+03
9.41000e+02	5.18460e+03	5.24629e+03	5.23671e+03	5.27520e+03	5.23071e+03	5.22795e+03
9.42000e+02	5.18083e+03	5.24689e+03	5.23901e+03	5.27217e+03	5.23171e+03	5.22636e+03
9.43000e+02	5.18542e+03	5.24160e+03	5.24099e+03	5.26925e+03	5.23578e+03	5.22345e+03
9.44000e+02	5.18855e+03	5.23595e+03	5.23886e+03	5.27324e+03	5.23630e+03	5.21711e+03
9.45000e+02	5.18610e+03	5.24161e+03	5.23441e+03	5.27408e+03	5.23372e+03	5.21512e+03
9.46000e+02	5.19161e+03	5.24367e+03	5.23926e+03	5.27399e+03	5.22684e+03	5.13135e+03
9.47000e+02	5.31831e+03	5.23300e+03	5.23974e+03	5.28065e+03	3.09463e+03	2.48771e+03
9.48000e+02	5.41312e+03	5.37147e+03	5.23589e+03	5.28031e+03	3.79713e+03	3.89639e+03
9.49000e+02	5.39447e+03	5.36996e+03	5.23988e+03	5.27953e+03	4.78500e+03	3.61397e+03
9.50000e+02	5.39408e+03	5.37476e+03	2.91935e+03	3.82922e+03	5.24002e+03	5.22745e+03
9.51000e+02	5.39305e+03	5.36685e+03	4.43957e+03	5.14390e+03	5.24120e+03	5.22579e+03
9.52000e+02	5.41848e+03	5.36716e+03	4.35840e+03	4.37185e+03	5.24079e+03	5.23077e+03
9.53000e+02	5.39146e+03	5.36723e+03	5.24156e+03	5.27388e+03	5.24038e+03	5.22819e+03
9.54000e+02	5.39413e+03	5.37029e+03	5.24337e+03	5.27220e+03	5.24444e+03	5.22702e+03
9.55000e+02	5.39987e+03	5.35975e+03	5.23577e+03	5.27426e+03	5.23776e+03	5.22366e+03
9.56000e+02	5.41395e+03	5.37375e+03	5.23684e+03	5.27638e+03	5.23798e+03	5.22379e+03
9.57000e+02	5.39052e+03	5.36968e+03	5.23208e+03	5.27517e+03	5.22614e+03	5.21788e+03
9.58000e+02	5.38871e+03	5.36532e+03	5.24337e+03	5.26790e+03	5.23494e+03	5.21838e+03
9.59000e+02	5.39473e+03	5.36687e+03	5.24024e+03	5.27329e+03	5.23835e+03	4.99601e+03
9.60000e+02	5.41874e+03	5.37009e+03	5.23606e+03	5.27954e+03	2.82014e+03	3.16991e+03
9.61000e+02	5.39336e+03	5.36761e+03	5.23683e+03	5.27775e+03	3.84717e+03	3.99186e+03
9.62000e+02	5.39661e+03	5.37583e+03	5.23997e+03	5.28064e+03	4.18348e+03	3.60516e+03
9.63000e+02	5.39853e+03	5.36999e+03	3.10150e+03	5.28085e+03	5.23979e+03	4.90169e+03
9.64000e+02	5.41613e+03	5.37092e+03	4.85273e+03	3.99746e+03	5.23313e+03	5.21953e+03
9.65000e+02	5.38986e+03	5.36887e+03	4.34377e+03	4.37099e+03	5.24180e+03	5.23112e+03
9.66000e+02	5.39300e+03	5.37117e+03	5.23975e+03	5.27339e+03	5.24356e+03	5.22900e+03
9.67000e+02	5.40018e+03	5.36820e+03	5.24378e+03	5.27637e+03	5.23308e+03	5.22578e+03
9.68000e+02	5.41645e+03	5.37211e+03	5.23974e+03	5.27512e+03	5.23982e+03	5.22831e+03
9.69000e+02	5.39265e+03	5.36985e+03	5.24379e+03	5.27445e+03	5.24144e+03	5.22195e+03
9.70000e+02	5.41243e+03	5.36066e+03	5.23987e+03	5.27446e+03	5.23532e+03	5.22154e+03
9.71000e+02	5.40968e+03	5.34945e+03	5.23984e+03	5.27482e+03	5.23916e+03	5.21793e+03
9.72000e+02	5.41764e+03	5.35661e+03	5.24108e+03	5.27458e+03	5.23676e+03	4.85578e+03
9.73000e+02	5.41058e+03	5.35843e+03	5.24158e+03	5.27540e+03	3.74516e+03	4.34652e+03
9.74000e+02	5.41541e+03	5.36102e+03	5.23580e+03	5.28280e+03	4.64070e+03	2.36081e+03
9.75000e+02	5.41123e+03	5.35738e+03	5.23906e+03	5.28263e+03	3.80665e+03	3.60546e+03
9.76000e+02	5.41720e+03	5.36405e+03	5.23131e+03	5.28159e+03	4.81146e+03	3.90705e+03
9.77000e+02	5.40603e+03	5.36150e+03	3.47613e+03	2.87977e+03	5.24496e+03	5.22938e+03
9.78000e+02	5.41318e+03	5.36172e+03	4.34528e+03	4.57745e+03	5.24223e+03	5.22037e+03
9.79000e+02	5.41515e+03	5.35930e+03	5.12142e+03	4.38925e+03	5.24031e+03	5.22928e+03
9.80000e+02	5.41951e+03	5.35944e+03	5.23681e+03	5.27665e+03	5.23826e+03	5.22745e+03
9.81000e+02	5.40976e+03	5.35946e+03	5.23879e+03	5.27862e+03	5.23929e+03	5.22392e+03
9.82000e+02	5.41724e+03	5.36105e+03	5.24175e+03	5.27410e+03	5.23982e+03	5.22254e+03
9.83000e+02	5.41151e+03	5.35135e+03	5.23926e+03	5.27428e+03	5.24032e+03	5.22317e+03
9.84000e+02	5.41379e+03	5.35869e+03	5.23856e+03	5.27490e+03	5.22968e+03	5.21889e+03
9.85000e+02	5.41167e+03	5.35576e+03	5.24145e+03	5.27260e+03	5.23457e+03	5.21559e+03
9.86000e+02	5.41291e+03	5.35884e+03	5.23663e+03	5.27594e+03	5.23238e+03	4.85411e+03
9.87000e+02	5.41092e+03	5.35403e+03	5.22773e+03	5.28237e+03	3.13924e+03	2.46894e+03
9.88000e+02	5.41836e+03	5.35722e+03	5.24066e+03	5.28139e+03	3.69961e+03	3.83648e+03
9.89000e+02	5.41295e+03	5.36101e+03	5.23937e+03	5.28399e+03	4.62578e+03	3.61186e+03
9.90000e+02	5.41913e+03	5.36300e+03	2.85699e+03	3.39263e+03	5.23555e+03	5.22667e+03
9.91000e+02	5.41199e+03	5.35765e+03	4.34441e+03	5.06059e+03	5.24067e+03	5.22035e+03
9.92000e+02	5.41641e+03	5.36106e+03	4.56042e+03	4.37816e+03	5.23323e+03	5.21905e+03
9.93000e+02	5.41171e+03	5.36380e+03	5.23875e+03	5.27459e+03	5.23370e+03	5.22013e+03
9.94000e+02	5.41459e+03	5.37082e+03	5.24400e+03	5.27520e+03	5.23740e+03	5.23232e+03
9.95000e+02	5.41217e+03	5.35208e+03	5.24070e+03	5.27977e+03	5.23651e+03	5.22746e+03
9.96000e+02	5.41563e+03	5.35700e+03	5.23794e+03	5.27364e+03	5.23811e+03	5.22651e+03
9.97000e+02	5.41415e+03	5.36102e+03	5.23673e+03	5.27667e+03	5.22526e+03	5.22463e+03
9.98000e+02	5.41708e+03	5.35896e+03	5.24162e+03	5.27375e+03	5.22729e+03	5.21587e+03
9.99000e+02	5.41229e+03	5.35072e+03	5.23821e+03	5.27893e+03	5.23245e+03	4.90319e+03
1.00000e+03	5.41562e+03	5.42252e+03	5.23626e+03	5.27498e+03	2.77792e+03	3.10206e+03
1.00100e+03	5.40427e+03	5.42104e+03	5.24108e+03	5.28087e+03	3.76119e+03	3.85838e+03
1.00200e+03	5.40695e+03	5.42402e+03	5.24179e+03	5.28375e+03	3.95696e+03	3.60815e+03
1.00300e+03	5.40701e+03	5.42312e+03	3.05785e+03	5.13819e+03	5.23465e+03	4.77183e+03
1.00400e+03	5.41590e+03	5.42202e+03	4.86281e+03	3.95232e+03	5.23361e+03	5.21981e+03
1.00500e+03	5.40718e+03	5.41963e+03	4.34463e+03	4.37232e+03	5.23735e+03	5.22227e+03
1.00600e+03	5.40866e+03	5.42412e+03	5.23844e+03	5.27491e+03	5.23950e+03	5.22771e+03
1.00700e+03	5.40265e+03	5.42016e+03	5.24198e+03	5.27852e+03	5.23873e+03	5.22008e+03
1.00800e+03	5.41124e+03	5.42177e+03	5.23974e+03	5.27666e+03	5.23098e+03	5.22353e+03
1.00900e+03	5.40462e+03	5.41995e+03	5.23756e+03	5.27334e+03	5.23628e+03	5.22365e+03
1.01000e+03	5.40688e+03	5.42189e+03	5.24368e+03	5.27710e+03	5.23940e+03	5.22837e+03
1.01100e+03	5.40708e+03	5.41821e+03	5.24280e+03	5.27714e+03	5.24049e+03	5.21890e+03
1.01200e+03	5.41652e+03	5.42421e+03	5.24073e+03	5.27842e+03	5.22522e+03	4.72039e+03
1.01300e+03	5.40644e+03	5.42050e+03	5.24156e+03	5.27857e+03	4.35429e+03	4.34805e+03
1.01400e+03	5.40618e+03	5.42075e+03	5.23712e+03	5.27954e+03	3.90297e+03	2.39507e+03
1.01500e+03	5.40535e+03	5.42094e+03	5.23922e+03	5.28035e+03	3.67349e+03	3.62400e+03
1.01600e+03	5.41390e+03	5.41979e+03	5.23701e+03	5.27869e+03	4.62392e+03	3.69489e+03
1.01700e+03	5.40107e+03	5.42160e+03	3.26765e+03	2.88048e+03	5.24221e+03	5.22831e+03
1.01800e+03	5.40380e+03	5.42398e+03	4.34749e+03	4.61647e+03	5.24253e+03	5.23221e+03
1.01900e+03	5.40713e+03	5.42261e+03	5.08750e+03	4.38097e+03	5.24576e+03	5.21780e+03
1.02000e+03	5.41269e+03	5.42674e+03	5.24211e+03	5.28035e+03	5.23544e+03	5.22498e+03
1.02100e+03	5.39755e+03	5.42644e+03	5.23517e+03	5.27597e+03	5.23974e+03	5.22579e+03
1.02200e+03	5.39490e+03	5.42503e+03	5.24315e+03	5.27647e+03	5.23220e+03	5.23059e+03
1.02300e+03	5.39631e+03	5.42110e+03	5.23941e+03	5.27548e+03	5.22969e+03	5.22640e+03
1.02400e+03	5.40438e+03	5.42554e+03	5.23539e+03	5.27917e+03	5.35859e+03	5.35374e+03
