[0:01:18.507641] npml = 64, (array([ 0.04981454,  0.04689185]), 0.019214985042475468, array([[[ 0.        ,  0.        ,  0.        ,  0.        ,  0.        ,
          0.        ,  0.        ,  0.        ,  0.        ,  0.        ,
          0.        ,  0.        ,  0.        ,  0.        ,  0.        ,
          0.        ,  0.        ,  0.        ,  0.        ,  0.        ],
        [ 0.05263158,  0.05263158,  0.05263158,  0.05263158,  0.05263158,
          0.05263158,  0.05263158,  0.05263158,  0.05263158,  0.05263158,
          0.05263158,  0.05263158,  0.05263158,  0.05263158,  0.05263158,
          0.05263158,  0.05263158,  0.05263158,  0.05263158,  0.05263158],
        [ 0.10526316,  0.10526316,  0.10526316,  0.10526316,  0.10526316,
          0.10526316,  0.10526316,  0.10526316,  0.10526316,  0.10526316,
          0.10526316,  0.10526316,  0.10526316,  0.10526316,  0.10526316,
          0.10526316,  0.10526316,  0.10526316,  0.10526316,  0.10526316],
        [ 0.15789474,  0.15789474,  0.15789474,  0.15789474,  0.15789474,
          0.15789474,  0.15789474,  0.15789474,  0.15789474,  0.15789474,
          0.15789474,  0.15789474,  0.15789474,  0.15789474,  0.15789474,
          0.15789474,  0.15789474,  0.15789474,  0.15789474,  0.15789474],
        [ 0.21052632,  0.21052632,  0.21052632,  0.21052632,  0.21052632,
          0.21052632,  0.21052632,  0.21052632,  0.21052632,  0.21052632,
          0.21052632,  0.21052632,  0.21052632,  0.21052632,  0.21052632,
          0.21052632,  0.21052632,  0.21052632,  0.21052632,  0.21052632],
        [ 0.26315789,  0.26315789,  0.26315789,  0.26315789,  0.26315789,
          0.26315789,  0.26315789,  0.26315789,  0.26315789,  0.26315789,
          0.26315789,  0.26315789,  0.26315789,  0.26315789,  0.26315789,
          0.26315789,  0.26315789,  0.26315789,  0.26315789,  0.26315789],
        [ 0.31578947,  0.31578947,  0.31578947,  0.31578947,  0.31578947,
          0.31578947,  0.31578947,  0.31578947,  0.31578947,  0.31578947,
          0.31578947,  0.31578947,  0.31578947,  0.31578947,  0.31578947,
          0.31578947,  0.31578947,  0.31578947,  0.31578947,  0.31578947],
        [ 0.36842105,  0.36842105,  0.36842105,  0.36842105,  0.36842105,
          0.36842105,  0.36842105,  0.36842105,  0.36842105,  0.36842105,
          0.36842105,  0.36842105,  0.36842105,  0.36842105,  0.36842105,
          0.36842105,  0.36842105,  0.36842105,  0.36842105,  0.36842105],
        [ 0.42105263,  0.42105263,  0.42105263,  0.42105263,  0.42105263,
          0.42105263,  0.42105263,  0.42105263,  0.42105263,  0.42105263,
          0.42105263,  0.42105263,  0.42105263,  0.42105263,  0.42105263,
          0.42105263,  0.42105263,  0.42105263,  0.42105263,  0.42105263],
        [ 0.47368421,  0.47368421,  0.47368421,  0.47368421,  0.47368421,
          0.47368421,  0.47368421,  0.47368421,  0.47368421,  0.47368421,
          0.47368421,  0.47368421,  0.47368421,  0.47368421,  0.47368421,
          0.47368421,  0.47368421,  0.47368421,  0.47368421,  0.47368421],
        [ 0.52631579,  0.52631579,  0.52631579,  0.52631579,  0.52631579,
          0.52631579,  0.52631579,  0.52631579,  0.52631579,  0.52631579,
          0.52631579,  0.52631579,  0.52631579,  0.52631579,  0.52631579,
          0.52631579,  0.52631579,  0.52631579,  0.52631579,  0.52631579],
        [ 0.57894737,  0.57894737,  0.57894737,  0.57894737,  0.57894737,
          0.57894737,  0.57894737,  0.57894737,  0.57894737,  0.57894737,
          0.57894737,  0.57894737,  0.57894737,  0.57894737,  0.57894737,
          0.57894737,  0.57894737,  0.57894737,  0.57894737,  0.57894737],
        [ 0.63157895,  0.63157895,  0.63157895,  0.63157895,  0.63157895,
          0.63157895,  0.63157895,  0.63157895,  0.63157895,  0.63157895,
          0.63157895,  0.63157895,  0.63157895,  0.63157895,  0.63157895,
          0.63157895,  0.63157895,  0.63157895,  0.63157895,  0.63157895],
        [ 0.68421053,  0.68421053,  0.68421053,  0.68421053,  0.68421053,
          0.68421053,  0.68421053,  0.68421053,  0.68421053,  0.68421053,
          0.68421053,  0.68421053,  0.68421053,  0.68421053,  0.68421053,
          0.68421053,  0.68421053,  0.68421053,  0.68421053,  0.68421053],
        [ 0.73684211,  0.73684211,  0.73684211,  0.73684211,  0.73684211,
          0.73684211,  0.73684211,  0.73684211,  0.73684211,  0.73684211,
          0.73684211,  0.73684211,  0.73684211,  0.73684211,  0.73684211,
          0.73684211,  0.73684211,  0.73684211,  0.73684211,  0.73684211],
        [ 0.78947368,  0.78947368,  0.78947368,  0.78947368,  0.78947368,
          0.78947368,  0.78947368,  0.78947368,  0.78947368,  0.78947368,
          0.78947368,  0.78947368,  0.78947368,  0.78947368,  0.78947368,
          0.78947368,  0.78947368,  0.78947368,  0.78947368,  0.78947368],
        [ 0.84210526,  0.84210526,  0.84210526,  0.84210526,  0.84210526,
          0.84210526,  0.84210526,  0.84210526,  0.84210526,  0.84210526,
          0.84210526,  0.84210526,  0.84210526,  0.84210526,  0.84210526,
          0.84210526,  0.84210526,  0.84210526,  0.84210526,  0.84210526],
        [ 0.89473684,  0.89473684,  0.89473684,  0.89473684,  0.89473684,
          0.89473684,  0.89473684,  0.89473684,  0.89473684,  0.89473684,
          0.89473684,  0.89473684,  0.89473684,  0.89473684,  0.89473684,
          0.89473684,  0.89473684,  0.89473684,  0.89473684,  0.89473684],
        [ 0.94736842,  0.94736842,  0.94736842,  0.94736842,  0.94736842,
          0.94736842,  0.94736842,  0.94736842,  0.94736842,  0.94736842,
          0.94736842,  0.94736842,  0.94736842,  0.94736842,  0.94736842,
          0.94736842,  0.94736842,  0.94736842,  0.94736842,  0.94736842],
        [ 1.        ,  1.        ,  1.        ,  1.        ,  1.        ,
          1.        ,  1.        ,  1.        ,  1.        ,  1.        ,
          1.        ,  1.        ,  1.        ,  1.        ,  1.        ,
          1.        ,  1.        ,  1.        ,  1.        ,  1.        ]],

       [[ 0.        ,  0.05263158,  0.10526316,  0.15789474,  0.21052632,
          0.26315789,  0.31578947,  0.36842105,  0.42105263,  0.47368421,
          0.52631579,  0.57894737,  0.63157895,  0.68421053,  0.73684211,
          0.78947368,  0.84210526,  0.89473684,  0.94736842,  1.        ],
        [ 0.        ,  0.05263158,  0.10526316,  0.15789474,  0.21052632,
          0.26315789,  0.31578947,  0.36842105,  0.42105263,  0.47368421,
          0.52631579,  0.57894737,  0.63157895,  0.68421053,  0.73684211,
          0.78947368,  0.84210526,  0.89473684,  0.94736842,  1.        ],
        [ 0.        ,  0.05263158,  0.10526316,  0.15789474,  0.21052632,
          0.26315789,  0.31578947,  0.36842105,  0.42105263,  0.47368421,
          0.52631579,  0.57894737,  0.63157895,  0.68421053,  0.73684211,
          0.78947368,  0.84210526,  0.89473684,  0.94736842,  1.        ],
        [ 0.        ,  0.05263158,  0.10526316,  0.15789474,  0.21052632,
          0.26315789,  0.31578947,  0.36842105,  0.42105263,  0.47368421,
          0.52631579,  0.57894737,  0.63157895,  0.68421053,  0.73684211,
          0.78947368,  0.84210526,  0.89473684,  0.94736842,  1.        ],
        [ 0.        ,  0.05263158,  0.10526316,  0.15789474,  0.21052632,
          0.26315789,  0.31578947,  0.36842105,  0.42105263,  0.47368421,
          0.52631579,  0.57894737,  0.63157895,  0.68421053,  0.73684211,
          0.78947368,  0.84210526,  0.89473684,  0.94736842,  1.        ],
        [ 0.        ,  0.05263158,  0.10526316,  0.15789474,  0.21052632,
          0.26315789,  0.31578947,  0.36842105,  0.42105263,  0.47368421,
          0.52631579,  0.57894737,  0.63157895,  0.68421053,  0.73684211,
          0.78947368,  0.84210526,  0.89473684,  0.94736842,  1.        ],
        [ 0.        ,  0.05263158,  0.10526316,  0.15789474,  0.21052632,
          0.26315789,  0.31578947,  0.36842105,  0.42105263,  0.47368421,
          0.52631579,  0.57894737,  0.63157895,  0.68421053,  0.73684211,
          0.78947368,  0.84210526,  0.89473684,  0.94736842,  1.        ],
        [ 0.        ,  0.05263158,  0.10526316,  0.15789474,  0.21052632,
          0.26315789,  0.31578947,  0.36842105,  0.42105263,  0.47368421,
          0.52631579,  0.57894737,  0.63157895,  0.68421053,  0.73684211,
          0.78947368,  0.84210526,  0.89473684,  0.94736842,  1.        ],
        [ 0.        ,  0.05263158,  0.10526316,  0.15789474,  0.21052632,
          0.26315789,  0.31578947,  0.36842105,  0.42105263,  0.47368421,
          0.52631579,  0.57894737,  0.63157895,  0.68421053,  0.73684211,
          0.78947368,  0.84210526,  0.89473684,  0.94736842,  1.        ],
        [ 0.        ,  0.05263158,  0.10526316,  0.15789474,  0.21052632,
          0.26315789,  0.31578947,  0.36842105,  0.42105263,  0.47368421,
          0.52631579,  0.57894737,  0.63157895,  0.68421053,  0.73684211,
          0.78947368,  0.84210526,  0.89473684,  0.94736842,  1.        ],
        [ 0.        ,  0.05263158,  0.10526316,  0.15789474,  0.21052632,
          0.26315789,  0.31578947,  0.36842105,  0.42105263,  0.47368421,
          0.52631579,  0.57894737,  0.63157895,  0.68421053,  0.73684211,
          0.78947368,  0.84210526,  0.89473684,  0.94736842,  1.        ],
        [ 0.        ,  0.05263158,  0.10526316,  0.15789474,  0.21052632,
          0.26315789,  0.31578947,  0.36842105,  0.42105263,  0.47368421,
          0.52631579,  0.57894737,  0.63157895,  0.68421053,  0.73684211,
          0.78947368,  0.84210526,  0.89473684,  0.94736842,  1.        ],
        [ 0.        ,  0.05263158,  0.10526316,  0.15789474,  0.21052632,
          0.26315789,  0.31578947,  0.36842105,  0.42105263,  0.47368421,
          0.52631579,  0.57894737,  0.63157895,  0.68421053,  0.73684211,
          0.78947368,  0.84210526,  0.89473684,  0.94736842,  1.        ],
        [ 0.        ,  0.05263158,  0.10526316,  0.15789474,  0.21052632,
          0.26315789,  0.31578947,  0.36842105,  0.42105263,  0.47368421,
          0.52631579,  0.57894737,  0.63157895,  0.68421053,  0.73684211,
          0.78947368,  0.84210526,  0.89473684,  0.94736842,  1.        ],
        [ 0.        ,  0.05263158,  0.10526316,  0.15789474,  0.21052632,
          0.26315789,  0.31578947,  0.36842105,  0.42105263,  0.47368421,
          0.52631579,  0.57894737,  0.63157895,  0.68421053,  0.73684211,
          0.78947368,  0.84210526,  0.89473684,  0.94736842,  1.        ],
        [ 0.        ,  0.05263158,  0.10526316,  0.15789474,  0.21052632,
          0.26315789,  0.31578947,  0.36842105,  0.42105263,  0.47368421,
          0.52631579,  0.57894737,  0.63157895,  0.68421053,  0.73684211,
          0.78947368,  0.84210526,  0.89473684,  0.94736842,  1.        ],
        [ 0.        ,  0.05263158,  0.10526316,  0.15789474,  0.21052632,
          0.26315789,  0.31578947,  0.36842105,  0.42105263,  0.47368421,
          0.52631579,  0.57894737,  0.63157895,  0.68421053,  0.73684211,
          0.78947368,  0.84210526,  0.89473684,  0.94736842,  1.        ],
        [ 0.        ,  0.05263158,  0.10526316,  0.15789474,  0.21052632,
          0.26315789,  0.31578947,  0.36842105,  0.42105263,  0.47368421,
          0.52631579,  0.57894737,  0.63157895,  0.68421053,  0.73684211,
          0.78947368,  0.84210526,  0.89473684,  0.94736842,  1.        ],
        [ 0.        ,  0.05263158,  0.10526316,  0.15789474,  0.21052632,
          0.26315789,  0.31578947,  0.36842105,  0.42105263,  0.47368421,
          0.52631579,  0.57894737,  0.63157895,  0.68421053,  0.73684211,
          0.78947368,  0.84210526,  0.89473684,  0.94736842,  1.        ],
        [ 0.        ,  0.05263158,  0.10526316,  0.15789474,  0.21052632,
          0.26315789,  0.31578947,  0.36842105,  0.42105263,  0.47368421,
          0.52631579,  0.57894737,  0.63157895,  0.68421053,  0.73684211,
          0.78947368,  0.84210526,  0.89473684,  0.94736842,  1.        ]]]), array([[  1.00000000e+02,   9.98392069e+01,   9.84609121e+01,
          9.64916554e+01,   9.48075152e+01,   9.35980478e+01,
          9.27987524e+01,   9.23029359e+01,   9.20229641e+01,
          9.18911493e+01,   9.18610131e+01,   9.18988810e+01,
          9.19825597e+01,   9.20949424e+01,   9.22266606e+01,
          9.23680635e+01,   9.25145832e+01,   9.26618335e+01,
          9.28085986e+01,   9.29522805e+01],
       [  2.93939167e+01,   2.08422781e-02,   3.59647360e+00,
          8.35026484e+00,   1.27094715e+01,   1.65490176e+01,
          1.99243821e+01,   2.29125984e+01,   2.55828881e+01,
          2.79833858e+01,   3.01609920e+01,   3.21491067e+01,
          3.39711787e+01,   3.56510986e+01,   3.72115263e+01,
          3.86617986e+01,   4.00152767e+01,   4.12832223e+01,
          4.24761055e+01,   4.35998673e+01],
       [  5.49813807e+01,   2.35327302e+00,   7.10035353e-02,
          1.76296009e+00,   4.30187318e+00,   6.98138016e+00,
          9.58981725e+00,   1.20594916e+01,   1.43789562e+01,
          1.65456503e+01,   1.85731106e+01,   2.04697524e+01,
          2.22488100e+01,   2.39198643e+01,   2.54957314e+01,
          2.69816477e+01,   2.83870743e+01,   2.97178597e+01,
          3.09826086e+01,   3.21888486e+01],
       [  6.72243044e+01,   6.08486826e+00,   4.76730311e-01,
          1.59450195e-01,   1.36620549e+00,   3.12223942e+00,
          5.06644143e+00,   7.04676232e+00,   8.99942712e+00,
          1.08892306e+01,   1.27069254e+01,   1.44458287e+01,
          1.61058068e+01,   1.76874254e+01,   1.92012499e+01,
          2.06462977e+01,   2.20252246e+01,   2.33429888e+01,
          2.46048924e+01,   2.58167928e+01],
       [  7.42762651e+01,   9.59450916e+00,   1.82931434e+00,
          1.63173837e-01,   2.82742408e-01,   1.29993414e+00,
          2.69479178e+00,   4.25613121e+00,   5.88212119e+00,
          7.51689711e+00,   9.13210716e+00,   1.07101569e+01,
          1.22438733e+01,   1.37260965e+01,   1.51611995e+01,
          1.65434499e+01,   1.78767299e+01,   1.91596202e+01,
          2.03993176e+01,   2.15961009e+01],
       [  7.88579680e+01,   1.27147194e+01,   3.43548391e+00,
          5.88110960e-01,   1.85412498e-01,   4.40370930e-01,
          1.36580959e+00,   2.56763053e+00,   3.90908447e+00,
          5.31480157e+00,   6.74464327e+00,   8.17423895e+00,
          9.58573764e+00,   1.09685115e+01,   1.23228713e+01,
          1.36402067e+01,   1.49219137e+01,   1.61638474e+01,
          1.73711474e+01,   1.85434501e+01],
       [  8.20869502e+01,   1.54720226e+01,   5.07236873e+00,
          1.36984403e+00,   2.76728264e-01,   2.64125027e-01,
          6.31633181e-01,   1.50729041e+00,   2.59747723e+00,
          3.79993650e+00,   5.06300637e+00,   6.35542568e+00,
          7.65357355e+00,   8.94275888e+00,   1.02202342e+01,
          1.14729401e+01,   1.27020476e+01,   1.39017498e+01,
          1.50740840e+01,   1.62184464e+01],
       [  8.45043245e+01,   1.79169001e+01,   6.65922845e+00,
          2.26591802e+00,   5.02770965e-01,   2.40615887e-01,
          3.97494382e-01,   8.55764702e-01,   1.70270438e+00,
          2.72342430e+00,   3.83501658e+00,   5.00111895e+00,
          6.19463261e+00,   7.39746829e+00,   8.60055058e+00,
          9.79328771e+00,   1.09715662e+01,   1.21287529e+01,
          1.32654119e+01,   1.43822257e+01],
       [  8.64004427e+01,   2.01057677e+01,   8.17159463e+00,
          3.20379535e+00,   9.76499676e-01,   3.29448884e-01,
          2.89470533e-01,   5.81025084e-01,   1.11177339e+00,
          1.93978612e+00,   2.91460562e+00,   3.96534538e+00,
          5.06267474e+00,   6.18392584e+00,   7.31836024e+00,
          8.45310644e+00,   9.58236013e+00,   1.06988929e+01,
          1.18024727e+01,   1.28900930e+01],
       [  8.79378786e+01,   2.20767746e+01,   9.59596471e+00,
          4.14643767e+00,   1.52486383e+00,   4.99922442e-01,
          2.76559232e-01,   4.11916077e-01,   8.09766021e-01,
          1.39864628e+00,   2.21388273e+00,   3.15959403e+00,
          4.16634315e+00,   5.21204675e+00,   6.28284196e+00,
          7.36309700e+00,   8.44539982e+00,   9.52341819e+00,
          1.05939612e+01,   1.16541637e+01],
       [  8.92179340e+01,   2.38638852e+01,   1.09390707e+01,
          5.07396604e+00,   2.10896226e+00,   7.29455293e-01,
          3.35272848e-01,   3.24370478e-01,   5.97247103e-01,
          1.07941238e+00,   1.71536846e+00,   2.52134764e+00,
          3.44574364e+00,   4.42106603e+00,   5.43100885e+00,
          6.46009870e+00,   7.49951073e+00,   8.54032112e+00,
          9.57928610e+00,   1.06129819e+01],
       [  9.03053538e+01,   2.54957466e+01,   1.21999439e+01,
          5.97719410e+00,   2.70828341e+00,   1.00114791e+00,
          4.47821729e-01,   2.99987460e-01,   4.55368970e-01,
          8.36772664e-01,   1.38631106e+00,   2.06063868e+00,
          2.85883278e+00,   3.76843779e+00,   4.72169186e+00,
          5.70282812e+00,   6.70057477e+00,   7.70639045e+00,
          8.71544383e+00,   9.72306054e+00],
       [  9.12424411e+01,   2.69938449e+01,   1.33866338e+01,
          6.85034133e+00,   3.31152473e+00,   1.37139608e+00,
          6.00689834e-01,   3.24583264e-01,   3.69446533e-01,
          6.55681923e-01,   1.12340277e+00,   1.72726333e+00,
          2.43320672e+00,   3.22422379e+00,   4.12425051e+00,
          5.05991950e+00,   6.01801366e+00,   6.99118087e+00,
          7.97149450e+00,   8.95498756e+00],
       [  9.20590725e+01,   2.83748300e+01,   1.45042501e+01,
          7.69090438e+00,   3.90910009e+00,   1.76317547e+00,
          7.83757177e-01,   3.87187787e-01,   3.28013366e-01,
          5.24411371e-01,   9.14542102e-01,   1.45149314e+00,
          2.09965054e+00,   2.83178291e+00,   3.62670321e+00,
          4.50927087e+00,   5.43096655e+00,   6.37220819e+00,
          7.32474590e+00,   8.28536690e+00],
       [  9.27786034e+01,   2.96557396e+01,   1.55606374e+01,
          8.50043512e+00,   4.49868304e+00,   2.16424295e+00,
          9.89320476e-01,   4.79462508e-01,   3.22084316e-01,
          4.33564966e-01,   7.50155603e-01,   1.22350632e+00,
          1.81660129e+00,   2.50112772e+00,   3.25484703e+00,
          4.06087813e+00,   4.92031816e+00,   5.83055342e+00,
          6.75772311e+00,   7.69527102e+00],
       [  9.34156688e+01,   3.08470321e+01,   1.65587763e+01,
          9.27768051e+00,   5.07665648e+00,   2.56875150e+00,
          1.21131205e+00,   5.94719618e-01,   3.44638429e-01,
          3.75626963e-01,   6.22452375e-01,   1.03526060e+00,
          1.57595976e+00,   2.21501575e+00,   2.92937068e+00,
          3.70120410e+00,   4.51642042e+00,   5.36373168e+00,
          6.25691996e+00,   7.17304308e+00],
       [  9.39835680e+01,   3.19598485e+01,   1.75026797e+01,
          1.00230018e+01,   5.64002293e+00,   2.97279744e+00,
          1.44524619e+00,   7.27825603e-01,   3.89975037e-01,
          3.44635885e-01,   5.25195702e-01,   8.80406199e-01,
          1.37106195e+00,   1.96667162e+00,   2.64331112e+00,
          3.38248974e+00,   4.16932536e+00,   4.99210231e+00,
          5.84142308e+00,   6.70967200e+00],
       [  9.44917058e+01,   3.30008970e+01,   1.83981621e+01,
          1.07381456e+01,   6.18739870e+00,   3.37422956e+00,
          1.68746864e+00,   8.74685699e-01,   4.53642104e-01,
          3.35841493e-01,   4.53340318e-01,   7.53671197e-01,
          1.19657913e+00,   1.75065109e+00,   2.39114800e+00,
          3.09892991e+00,   3.85859561e+00,   4.65788517e+00,
          5.48668205e+00,   6.33747453e+00],
       [  9.49490494e+01,   3.39799162e+01,   1.92499430e+01,
          1.14254396e+01,   6.71996846e+00,   3.76990671e+00,
          1.93531908e+00,   1.03215182e+00,   5.32077811e-01,
          3.45345618e-01,   4.02691573e-01,   6.50704580e-01,
          1.04796224e+00,   1.56229292e+00,   2.16825543e+00,
          2.84590330e+00,   3.57943171e+00,   4.35592684e+00,
          5.16522363e+00,   5.99886350e+00],
       [  9.53619225e+01,   3.49059975e+01,   2.00612809e+01,
          1.20870733e+01,   7.23841830e+00,   4.16052004e+00,
          2.20117602e+00,   1.19760775e+00,   6.22355670e-01,
          3.69942037e-01,   3.69945974e-01,   5.67878120e-01,
          9.21504802e-01,   1.39779591e+00,   1.97054712e+00,
          2.61936767e+00,   3.32766032e+00,   4.08240964e+00,
          4.87272619e+00,   5.69006859e+00]]))
[0:01:19.316617] npml = 16, (array([ 0.18656115,  0.15498549]), 0.12367111621281754, array([[[ 0.        ,  0.        ,  0.        ,  0.        ,  0.        ,
          0.        ,  0.        ,  0.        ,  0.        ,  0.        ,
          0.        ,  0.        ,  0.        ,  0.        ,  0.        ,
          0.        ,  0.        ,  0.        ,  0.        ,  0.        ],
        [ 0.05263158,  0.05263158,  0.05263158,  0.05263158,  0.05263158,
          0.05263158,  0.05263158,  0.05263158,  0.05263158,  0.05263158,
          0.05263158,  0.05263158,  0.05263158,  0.05263158,  0.05263158,
          0.05263158,  0.05263158,  0.05263158,  0.05263158,  0.05263158],
        [ 0.10526316,  0.10526316,  0.10526316,  0.10526316,  0.10526316,
          0.10526316,  0.10526316,  0.10526316,  0.10526316,  0.10526316,
          0.10526316,  0.10526316,  0.10526316,  0.10526316,  0.10526316,
          0.10526316,  0.10526316,  0.10526316,  0.10526316,  0.10526316],
        [ 0.15789474,  0.15789474,  0.15789474,  0.15789474,  0.15789474,
          0.15789474,  0.15789474,  0.15789474,  0.15789474,  0.15789474,
          0.15789474,  0.15789474,  0.15789474,  0.15789474,  0.15789474,
          0.15789474,  0.15789474,  0.15789474,  0.15789474,  0.15789474],
        [ 0.21052632,  0.21052632,  0.21052632,  0.21052632,  0.21052632,
          0.21052632,  0.21052632,  0.21052632,  0.21052632,  0.21052632,
          0.21052632,  0.21052632,  0.21052632,  0.21052632,  0.21052632,
          0.21052632,  0.21052632,  0.21052632,  0.21052632,  0.21052632],
        [ 0.26315789,  0.26315789,  0.26315789,  0.26315789,  0.26315789,
          0.26315789,  0.26315789,  0.26315789,  0.26315789,  0.26315789,
          0.26315789,  0.26315789,  0.26315789,  0.26315789,  0.26315789,
          0.26315789,  0.26315789,  0.26315789,  0.26315789,  0.26315789],
        [ 0.31578947,  0.31578947,  0.31578947,  0.31578947,  0.31578947,
          0.31578947,  0.31578947,  0.31578947,  0.31578947,  0.31578947,
          0.31578947,  0.31578947,  0.31578947,  0.31578947,  0.31578947,
          0.31578947,  0.31578947,  0.31578947,  0.31578947,  0.31578947],
        [ 0.36842105,  0.36842105,  0.36842105,  0.36842105,  0.36842105,
          0.36842105,  0.36842105,  0.36842105,  0.36842105,  0.36842105,
          0.36842105,  0.36842105,  0.36842105,  0.36842105,  0.36842105,
          0.36842105,  0.36842105,  0.36842105,  0.36842105,  0.36842105],
        [ 0.42105263,  0.42105263,  0.42105263,  0.42105263,  0.42105263,
          0.42105263,  0.42105263,  0.42105263,  0.42105263,  0.42105263,
          0.42105263,  0.42105263,  0.42105263,  0.42105263,  0.42105263,
          0.42105263,  0.42105263,  0.42105263,  0.42105263,  0.42105263],
        [ 0.47368421,  0.47368421,  0.47368421,  0.47368421,  0.47368421,
          0.47368421,  0.47368421,  0.47368421,  0.47368421,  0.47368421,
          0.47368421,  0.47368421,  0.47368421,  0.47368421,  0.47368421,
          0.47368421,  0.47368421,  0.47368421,  0.47368421,  0.47368421],
        [ 0.52631579,  0.52631579,  0.52631579,  0.52631579,  0.52631579,
          0.52631579,  0.52631579,  0.52631579,  0.52631579,  0.52631579,
          0.52631579,  0.52631579,  0.52631579,  0.52631579,  0.52631579,
          0.52631579,  0.52631579,  0.52631579,  0.52631579,  0.52631579],
        [ 0.57894737,  0.57894737,  0.57894737,  0.57894737,  0.57894737,
          0.57894737,  0.57894737,  0.57894737,  0.57894737,  0.57894737,
          0.57894737,  0.57894737,  0.57894737,  0.57894737,  0.57894737,
          0.57894737,  0.57894737,  0.57894737,  0.57894737,  0.57894737],
        [ 0.63157895,  0.63157895,  0.63157895,  0.63157895,  0.63157895,
          0.63157895,  0.63157895,  0.63157895,  0.63157895,  0.63157895,
          0.63157895,  0.63157895,  0.63157895,  0.63157895,  0.63157895,
          0.63157895,  0.63157895,  0.63157895,  0.63157895,  0.63157895],
        [ 0.68421053,  0.68421053,  0.68421053,  0.68421053,  0.68421053,
          0.68421053,  0.68421053,  0.68421053,  0.68421053,  0.68421053,
          0.68421053,  0.68421053,  0.68421053,  0.68421053,  0.68421053,
          0.68421053,  0.68421053,  0.68421053,  0.68421053,  0.68421053],
        [ 0.73684211,  0.73684211,  0.73684211,  0.73684211,  0.73684211,
          0.73684211,  0.73684211,  0.73684211,  0.73684211,  0.73684211,
          0.73684211,  0.73684211,  0.73684211,  0.73684211,  0.73684211,
          0.73684211,  0.73684211,  0.73684211,  0.73684211,  0.73684211],
        [ 0.78947368,  0.78947368,  0.78947368,  0.78947368,  0.78947368,
          0.78947368,  0.78947368,  0.78947368,  0.78947368,  0.78947368,
          0.78947368,  0.78947368,  0.78947368,  0.78947368,  0.78947368,
          0.78947368,  0.78947368,  0.78947368,  0.78947368,  0.78947368],
        [ 0.84210526,  0.84210526,  0.84210526,  0.84210526,  0.84210526,
          0.84210526,  0.84210526,  0.84210526,  0.84210526,  0.84210526,
          0.84210526,  0.84210526,  0.84210526,  0.84210526,  0.84210526,
          0.84210526,  0.84210526,  0.84210526,  0.84210526,  0.84210526],
        [ 0.89473684,  0.89473684,  0.89473684,  0.89473684,  0.89473684,
          0.89473684,  0.89473684,  0.89473684,  0.89473684,  0.89473684,
          0.89473684,  0.89473684,  0.89473684,  0.89473684,  0.89473684,
          0.89473684,  0.89473684,  0.89473684,  0.89473684,  0.89473684],
        [ 0.94736842,  0.94736842,  0.94736842,  0.94736842,  0.94736842,
          0.94736842,  0.94736842,  0.94736842,  0.94736842,  0.94736842,
          0.94736842,  0.94736842,  0.94736842,  0.94736842,  0.94736842,
          0.94736842,  0.94736842,  0.94736842,  0.94736842,  0.94736842],
        [ 1.        ,  1.        ,  1.        ,  1.        ,  1.        ,
          1.        ,  1.        ,  1.        ,  1.        ,  1.        ,
          1.        ,  1.        ,  1.        ,  1.        ,  1.        ,
          1.        ,  1.        ,  1.        ,  1.        ,  1.        ]],

       [[ 0.        ,  0.05263158,  0.10526316,  0.15789474,  0.21052632,
          0.26315789,  0.31578947,  0.36842105,  0.42105263,  0.47368421,
          0.52631579,  0.57894737,  0.63157895,  0.68421053,  0.73684211,
          0.78947368,  0.84210526,  0.89473684,  0.94736842,  1.        ],
        [ 0.        ,  0.05263158,  0.10526316,  0.15789474,  0.21052632,
          0.26315789,  0.31578947,  0.36842105,  0.42105263,  0.47368421,
          0.52631579,  0.57894737,  0.63157895,  0.68421053,  0.73684211,
          0.78947368,  0.84210526,  0.89473684,  0.94736842,  1.        ],
        [ 0.        ,  0.05263158,  0.10526316,  0.15789474,  0.21052632,
          0.26315789,  0.31578947,  0.36842105,  0.42105263,  0.47368421,
          0.52631579,  0.57894737,  0.63157895,  0.68421053,  0.73684211,
          0.78947368,  0.84210526,  0.89473684,  0.94736842,  1.        ],
        [ 0.        ,  0.05263158,  0.10526316,  0.15789474,  0.21052632,
          0.26315789,  0.31578947,  0.36842105,  0.42105263,  0.47368421,
          0.52631579,  0.57894737,  0.63157895,  0.68421053,  0.73684211,
          0.78947368,  0.84210526,  0.89473684,  0.94736842,  1.        ],
        [ 0.        ,  0.05263158,  0.10526316,  0.15789474,  0.21052632,
          0.26315789,  0.31578947,  0.36842105,  0.42105263,  0.47368421,
          0.52631579,  0.57894737,  0.63157895,  0.68421053,  0.73684211,
          0.78947368,  0.84210526,  0.89473684,  0.94736842,  1.        ],
        [ 0.        ,  0.05263158,  0.10526316,  0.15789474,  0.21052632,
          0.26315789,  0.31578947,  0.36842105,  0.42105263,  0.47368421,
          0.52631579,  0.57894737,  0.63157895,  0.68421053,  0.73684211,
          0.78947368,  0.84210526,  0.89473684,  0.94736842,  1.        ],
        [ 0.        ,  0.05263158,  0.10526316,  0.15789474,  0.21052632,
          0.26315789,  0.31578947,  0.36842105,  0.42105263,  0.47368421,
          0.52631579,  0.57894737,  0.63157895,  0.68421053,  0.73684211,
          0.78947368,  0.84210526,  0.89473684,  0.94736842,  1.        ],
        [ 0.        ,  0.05263158,  0.10526316,  0.15789474,  0.21052632,
          0.26315789,  0.31578947,  0.36842105,  0.42105263,  0.47368421,
          0.52631579,  0.57894737,  0.63157895,  0.68421053,  0.73684211,
          0.78947368,  0.84210526,  0.89473684,  0.94736842,  1.        ],
        [ 0.        ,  0.05263158,  0.10526316,  0.15789474,  0.21052632,
          0.26315789,  0.31578947,  0.36842105,  0.42105263,  0.47368421,
          0.52631579,  0.57894737,  0.63157895,  0.68421053,  0.73684211,
          0.78947368,  0.84210526,  0.89473684,  0.94736842,  1.        ],
        [ 0.        ,  0.05263158,  0.10526316,  0.15789474,  0.21052632,
          0.26315789,  0.31578947,  0.36842105,  0.42105263,  0.47368421,
          0.52631579,  0.57894737,  0.63157895,  0.68421053,  0.73684211,
          0.78947368,  0.84210526,  0.89473684,  0.94736842,  1.        ],
        [ 0.        ,  0.05263158,  0.10526316,  0.15789474,  0.21052632,
          0.26315789,  0.31578947,  0.36842105,  0.42105263,  0.47368421,
          0.52631579,  0.57894737,  0.63157895,  0.68421053,  0.73684211,
          0.78947368,  0.84210526,  0.89473684,  0.94736842,  1.        ],
        [ 0.        ,  0.05263158,  0.10526316,  0.15789474,  0.21052632,
          0.26315789,  0.31578947,  0.36842105,  0.42105263,  0.47368421,
          0.52631579,  0.57894737,  0.63157895,  0.68421053,  0.73684211,
          0.78947368,  0.84210526,  0.89473684,  0.94736842,  1.        ],
        [ 0.        ,  0.05263158,  0.10526316,  0.15789474,  0.21052632,
          0.26315789,  0.31578947,  0.36842105,  0.42105263,  0.47368421,
          0.52631579,  0.57894737,  0.63157895,  0.68421053,  0.73684211,
          0.78947368,  0.84210526,  0.89473684,  0.94736842,  1.        ],
        [ 0.        ,  0.05263158,  0.10526316,  0.15789474,  0.21052632,
          0.26315789,  0.31578947,  0.36842105,  0.42105263,  0.47368421,
          0.52631579,  0.57894737,  0.63157895,  0.68421053,  0.73684211,
          0.78947368,  0.84210526,  0.89473684,  0.94736842,  1.        ],
        [ 0.        ,  0.05263158,  0.10526316,  0.15789474,  0.21052632,
          0.26315789,  0.31578947,  0.36842105,  0.42105263,  0.47368421,
          0.52631579,  0.57894737,  0.63157895,  0.68421053,  0.73684211,
          0.78947368,  0.84210526,  0.89473684,  0.94736842,  1.        ],
        [ 0.        ,  0.05263158,  0.10526316,  0.15789474,  0.21052632,
          0.26315789,  0.31578947,  0.36842105,  0.42105263,  0.47368421,
          0.52631579,  0.57894737,  0.63157895,  0.68421053,  0.73684211,
          0.78947368,  0.84210526,  0.89473684,  0.94736842,  1.        ],
        [ 0.        ,  0.05263158,  0.10526316,  0.15789474,  0.21052632,
          0.26315789,  0.31578947,  0.36842105,  0.42105263,  0.47368421,
          0.52631579,  0.57894737,  0.63157895,  0.68421053,  0.73684211,
          0.78947368,  0.84210526,  0.89473684,  0.94736842,  1.        ],
        [ 0.        ,  0.05263158,  0.10526316,  0.15789474,  0.21052632,
          0.26315789,  0.31578947,  0.36842105,  0.42105263,  0.47368421,
          0.52631579,  0.57894737,  0.63157895,  0.68421053,  0.73684211,
          0.78947368,  0.84210526,  0.89473684,  0.94736842,  1.        ],
        [ 0.        ,  0.05263158,  0.10526316,  0.15789474,  0.21052632,
          0.26315789,  0.31578947,  0.36842105,  0.42105263,  0.47368421,
          0.52631579,  0.57894737,  0.63157895,  0.68421053,  0.73684211,
          0.78947368,  0.84210526,  0.89473684,  0.94736842,  1.        ],
        [ 0.        ,  0.05263158,  0.10526316,  0.15789474,  0.21052632,
          0.26315789,  0.31578947,  0.36842105,  0.42105263,  0.47368421,
          0.52631579,  0.57894737,  0.63157895,  0.68421053,  0.73684211,
          0.78947368,  0.84210526,  0.89473684,  0.94736842,  1.        ]]]), array([[ 100.        ,  100.00009448,  100.00009867,  100.00013012,
         100.00017542,  100.00014895,  100.00015194,  100.00027371,
         100.00001423,  100.00001163,   99.99969473,   99.99923407,
          99.99829899,   99.99679155,   99.9944312 ,   99.9909547 ,
          99.98616849,   99.9798994 ,   99.97182765,   99.96179075],
       [  30.40369765,    3.78041856,    7.52644906,   11.27859687,
          14.80902416,   18.05813157,   21.02082519,   23.72024556,
          26.18474505,   28.43728065,   30.50767464,   32.41606055,
          34.17926904,   35.81459852,   37.34068328,   38.76380684,
          40.09836405,   41.34925237,   42.52909851,   43.64470403],
       [  17.42939579,    2.60504127,    0.34903581,    2.18247551,
           4.62382221,    7.20426638,    9.74154294,   12.16324643,
          14.44912518,   16.59459639,   18.60703169,   20.49462549,
          22.26651437,   23.93122527,   25.50458233,   26.98851914,
          28.3919389 ,   29.72161311,   30.98481424,   32.19168243],
       [  19.57622628,    4.27317247,    0.47813577,    0.20768707,
           1.42954859,    3.16923455,    5.09687468,    7.06698048,
           9.0117259 ,   10.89797584,   12.71124832,   14.44869351,
          16.10829121,   17.69049388,   19.20315384,   20.64463662,
          22.02546972,   23.34303869,   24.60625405,   25.81822998],
       [  29.39343785,    7.82611514,    1.62354108,    0.15287693,
           0.29142144,    1.31086732,    2.70255245,    4.26160299,
           5.88483825,    7.51963487,    9.1333958 ,   10.71131177,
          12.24425863,   13.72705721,   15.16098357,   16.54300221,
          17.87606563,   19.15978958,   20.39903903,   21.59530839],
       [  37.96685948,   11.37609086,    3.27513953,    0.56792   ,
           0.18267305,    0.44029634,    1.36806943,    2.56892215,
           3.90973966,    5.3152176 ,    6.74540624,    8.17434145,
           9.58542027,   10.96957615,   12.32370128,   13.64211827,
          14.92284523,   16.16427532,   17.37115428,   18.5425461 ],
       [  44.83299524,   14.46880338,    4.95684236,    1.35358367,
           0.27453666,    0.26376827,    0.63166175,    1.50769626,
           2.59792635,    3.80036912,    5.06355199,    6.35530355,
           7.65359422,    8.94347356,   10.21975487,   11.47382698,
          12.70216862,   13.90221611,   15.07349097,   16.21802439],
       [  50.39832895,   17.16470349,    6.57873575,    2.2538506 ,
           0.50147545,    0.24033931,    0.3974851 ,    0.85575731,
           1.70267954,    2.72305296,    3.83481524,    5.00156379,
           6.19449238,    7.39739548,    8.60087696,    9.79287091,
          10.97072558,   12.12929583,   13.26531985,   14.38209696],
       [  54.98294791,   19.53580203,    8.11425051,    3.19524568,
           0.97518517,    0.32927753,    0.28948169,    0.58108856,
           1.11179598,    1.93973467,    2.91456614,    3.96628144,
           5.06240236,    6.1836604 ,    7.3187218 ,    8.45284579,
           9.58205138,   10.69877194,   11.80235534,   12.89051768],
       [  58.810744  ,   21.6405909 ,    9.55658265,    4.13990576,
           1.52443855,    0.49985062,    0.27658912,    0.41197006,
           0.80982055,    1.39874823,    2.2141402 ,    3.15886095,
           4.16663192,    5.21206589,    6.28263737,    7.36314458,
           8.44593163,    9.52380718,   10.59399675,   11.65447206],
       [  62.04925342,   23.52807737,   10.90929773,    5.07039178,
           2.1082953 ,    0.7294104 ,    0.33532299,    0.32440896,
           0.59729614,    1.07951774,    1.71547951,    2.52105304,
           3.44570172,    4.42105562,    5.43099984,    6.46023526,
           7.49913584,    8.54059319,    9.57959222,   10.61272962],
       [  64.82482968,   25.2352166 ,   12.17951147,    5.97461548,
           2.70800295,    1.00112646,    0.44782738,    0.30004401,
           0.45544473,    0.83683073,    1.38640054,    2.0607664 ,
           2.85876901,    3.76846907,    4.72140342,    5.70239806,
           6.70044074,    7.70641203,    8.71538764,    9.72236654],
       [  67.22578657,   26.78880662,   13.37190857,    6.8489476 ,
           3.31118849,    1.37126992,    0.60071836,    0.324631  ,
           0.36953144,    0.65583558,    1.12354857,    1.72742157,
           2.43336203,    3.22425719,    4.12432032,    5.05985536,
           6.0189807 ,    6.99113708,    7.97166706,    8.95493511],
       [  69.32191221,   28.21159597,   14.49368632,    7.68988486,
           3.90910948,    1.76308714,    0.78382155,    0.38726089,
           0.3280854 ,    0.52452539,    0.91464412,    1.45159567,
           2.09982075,    2.83197474,    3.62691054,    4.50958806,
           5.43173397,    6.37172084,    7.32506255,    8.28483525],
       [  71.17154953,   29.52715562,   15.55289944,    8.50008335,
           4.49853424,    2.16404665,    0.98932158,    0.4795214 ,
           0.32218194,    0.43367263,    0.75026294,    1.22362872,
           1.81676796,    2.50133274,    3.25507695,    4.06108342,
           4.91944104,    5.8306917 ,    6.75774838,    7.69500006],
       [  72.81051237,   30.74357031,   16.55319134,    9.27679447,
           5.07617441,    2.56851754,    1.21131937,    0.59475897,
           0.34469685,    0.3757206 ,    0.62256556,    1.03544363,
           1.57613128,    2.21522809,    2.92958373,    3.70146346,
           4.51657274,    5.3639731 ,    6.25703798,    7.17288109],
       [  74.27475276,   31.8748442 ,   17.49864589,   10.0217855 ,
           5.63905636,    2.9728884 ,    1.44522695,    0.72785898,
           0.3900436 ,    0.34476457,    0.52528832,    0.88059054,
           1.3712239 ,    1.96690482,    2.64357451,    3.38267085,
           4.16953445,    4.99247086,    5.84177702,    6.70987568],
       [  75.58884273,   32.93350861,   18.39458245,   10.73808967,
           6.18770631,    3.37384938,    1.6875306 ,    0.87472974,
           0.45371175,    0.33596768,    0.45340373,    0.75381303,
           1.19673965,    1.7508331 ,    2.39138506,    3.09915969,
           3.85876882,    4.65808334,    5.48706509,    6.33758724],
       [  76.77646998,   33.92505946,   19.24804597,   11.42459732,
           6.72104496,    3.76999889,    1.93537726,    1.03215778,
           0.53214957,    0.34544472,    0.40281067,    0.65082043,
           1.04809417,    1.56241252,    2.16840152,    2.84607554,
           3.57961584,    4.35623106,    5.16543967,    5.99914094],
       [  77.85631633,   34.85924809,   20.05994989,   12.08673571,
           7.23809066,    4.16049064,    2.20136989,    1.19762023,
           0.62242127,    0.37002167,    0.37004814,    0.56804616,
           0.92167345,    1.39799809,    1.97076476,    2.61963233,
           3.32795202,    4.0827169 ,    4.87312262,    5.69032763]]))
[0:01:21.377451] npml = 8, (array([ 0.24640477,  0.21319244]), 0.19502033145998321, array([[[ 0.        ,  0.        ,  0.        ,  0.        ,  0.        ,
          0.        ,  0.        ,  0.        ,  0.        ,  0.        ,
          0.        ,  0.        ,  0.        ,  0.        ,  0.        ,
          0.        ,  0.        ,  0.        ,  0.        ,  0.        ],
        [ 0.05263158,  0.05263158,  0.05263158,  0.05263158,  0.05263158,
          0.05263158,  0.05263158,  0.05263158,  0.05263158,  0.05263158,
          0.05263158,  0.05263158,  0.05263158,  0.05263158,  0.05263158,
          0.05263158,  0.05263158,  0.05263158,  0.05263158,  0.05263158],
        [ 0.10526316,  0.10526316,  0.10526316,  0.10526316,  0.10526316,
          0.10526316,  0.10526316,  0.10526316,  0.10526316,  0.10526316,
          0.10526316,  0.10526316,  0.10526316,  0.10526316,  0.10526316,
          0.10526316,  0.10526316,  0.10526316,  0.10526316,  0.10526316],
        [ 0.15789474,  0.15789474,  0.15789474,  0.15789474,  0.15789474,
          0.15789474,  0.15789474,  0.15789474,  0.15789474,  0.15789474,
          0.15789474,  0.15789474,  0.15789474,  0.15789474,  0.15789474,
          0.15789474,  0.15789474,  0.15789474,  0.15789474,  0.15789474],
        [ 0.21052632,  0.21052632,  0.21052632,  0.21052632,  0.21052632,
          0.21052632,  0.21052632,  0.21052632,  0.21052632,  0.21052632,
          0.21052632,  0.21052632,  0.21052632,  0.21052632,  0.21052632,
          0.21052632,  0.21052632,  0.21052632,  0.21052632,  0.21052632],
        [ 0.26315789,  0.26315789,  0.26315789,  0.26315789,  0.26315789,
          0.26315789,  0.26315789,  0.26315789,  0.26315789,  0.26315789,
          0.26315789,  0.26315789,  0.26315789,  0.26315789,  0.26315789,
          0.26315789,  0.26315789,  0.26315789,  0.26315789,  0.26315789],
        [ 0.31578947,  0.31578947,  0.31578947,  0.31578947,  0.31578947,
          0.31578947,  0.31578947,  0.31578947,  0.31578947,  0.31578947,
          0.31578947,  0.31578947,  0.31578947,  0.31578947,  0.31578947,
          0.31578947,  0.31578947,  0.31578947,  0.31578947,  0.31578947],
        [ 0.36842105,  0.36842105,  0.36842105,  0.36842105,  0.36842105,
          0.36842105,  0.36842105,  0.36842105,  0.36842105,  0.36842105,
          0.36842105,  0.36842105,  0.36842105,  0.36842105,  0.36842105,
          0.36842105,  0.36842105,  0.36842105,  0.36842105,  0.36842105],
        [ 0.42105263,  0.42105263,  0.42105263,  0.42105263,  0.42105263,
          0.42105263,  0.42105263,  0.42105263,  0.42105263,  0.42105263,
          0.42105263,  0.42105263,  0.42105263,  0.42105263,  0.42105263,
          0.42105263,  0.42105263,  0.42105263,  0.42105263,  0.42105263],
        [ 0.47368421,  0.47368421,  0.47368421,  0.47368421,  0.47368421,
          0.47368421,  0.47368421,  0.47368421,  0.47368421,  0.47368421,
          0.47368421,  0.47368421,  0.47368421,  0.47368421,  0.47368421,
          0.47368421,  0.47368421,  0.47368421,  0.47368421,  0.47368421],
        [ 0.52631579,  0.52631579,  0.52631579,  0.52631579,  0.52631579,
          0.52631579,  0.52631579,  0.52631579,  0.52631579,  0.52631579,
          0.52631579,  0.52631579,  0.52631579,  0.52631579,  0.52631579,
          0.52631579,  0.52631579,  0.52631579,  0.52631579,  0.52631579],
        [ 0.57894737,  0.57894737,  0.57894737,  0.57894737,  0.57894737,
          0.57894737,  0.57894737,  0.57894737,  0.57894737,  0.57894737,
          0.57894737,  0.57894737,  0.57894737,  0.57894737,  0.57894737,
          0.57894737,  0.57894737,  0.57894737,  0.57894737,  0.57894737],
        [ 0.63157895,  0.63157895,  0.63157895,  0.63157895,  0.63157895,
          0.63157895,  0.63157895,  0.63157895,  0.63157895,  0.63157895,
          0.63157895,  0.63157895,  0.63157895,  0.63157895,  0.63157895,
          0.63157895,  0.63157895,  0.63157895,  0.63157895,  0.63157895],
        [ 0.68421053,  0.68421053,  0.68421053,  0.68421053,  0.68421053,
          0.68421053,  0.68421053,  0.68421053,  0.68421053,  0.68421053,
          0.68421053,  0.68421053,  0.68421053,  0.68421053,  0.68421053,
          0.68421053,  0.68421053,  0.68421053,  0.68421053,  0.68421053],
        [ 0.73684211,  0.73684211,  0.73684211,  0.73684211,  0.73684211,
          0.73684211,  0.73684211,  0.73684211,  0.73684211,  0.73684211,
          0.73684211,  0.73684211,  0.73684211,  0.73684211,  0.73684211,
          0.73684211,  0.73684211,  0.73684211,  0.73684211,  0.73684211],
        [ 0.78947368,  0.78947368,  0.78947368,  0.78947368,  0.78947368,
          0.78947368,  0.78947368,  0.78947368,  0.78947368,  0.78947368,
          0.78947368,  0.78947368,  0.78947368,  0.78947368,  0.78947368,
          0.78947368,  0.78947368,  0.78947368,  0.78947368,  0.78947368],
        [ 0.84210526,  0.84210526,  0.84210526,  0.84210526,  0.84210526,
          0.84210526,  0.84210526,  0.84210526,  0.84210526,  0.84210526,
          0.84210526,  0.84210526,  0.84210526,  0.84210526,  0.84210526,
          0.84210526,  0.84210526,  0.84210526,  0.84210526,  0.84210526],
        [ 0.89473684,  0.89473684,  0.89473684,  0.89473684,  0.89473684,
          0.89473684,  0.89473684,  0.89473684,  0.89473684,  0.89473684,
          0.89473684,  0.89473684,  0.89473684,  0.89473684,  0.89473684,
          0.89473684,  0.89473684,  0.89473684,  0.89473684,  0.89473684],
        [ 0.94736842,  0.94736842,  0.94736842,  0.94736842,  0.94736842,
          0.94736842,  0.94736842,  0.94736842,  0.94736842,  0.94736842,
          0.94736842,  0.94736842,  0.94736842,  0.94736842,  0.94736842,
          0.94736842,  0.94736842,  0.94736842,  0.94736842,  0.94736842],
        [ 1.        ,  1.        ,  1.        ,  1.        ,  1.        ,
          1.        ,  1.        ,  1.        ,  1.        ,  1.        ,
          1.        ,  1.        ,  1.        ,  1.        ,  1.        ,
          1.        ,  1.        ,  1.        ,  1.        ,  1.        ]],

       [[ 0.        ,  0.05263158,  0.10526316,  0.15789474,  0.21052632,
          0.26315789,  0.31578947,  0.36842105,  0.42105263,  0.47368421,
          0.52631579,  0.57894737,  0.63157895,  0.68421053,  0.73684211,
          0.78947368,  0.84210526,  0.89473684,  0.94736842,  1.        ],
        [ 0.        ,  0.05263158,  0.10526316,  0.15789474,  0.21052632,
          0.26315789,  0.31578947,  0.36842105,  0.42105263,  0.47368421,
          0.52631579,  0.57894737,  0.63157895,  0.68421053,  0.73684211,
          0.78947368,  0.84210526,  0.89473684,  0.94736842,  1.        ],
        [ 0.        ,  0.05263158,  0.10526316,  0.15789474,  0.21052632,
          0.26315789,  0.31578947,  0.36842105,  0.42105263,  0.47368421,
          0.52631579,  0.57894737,  0.63157895,  0.68421053,  0.73684211,
          0.78947368,  0.84210526,  0.89473684,  0.94736842,  1.        ],
        [ 0.        ,  0.05263158,  0.10526316,  0.15789474,  0.21052632,
          0.26315789,  0.31578947,  0.36842105,  0.42105263,  0.47368421,
          0.52631579,  0.57894737,  0.63157895,  0.68421053,  0.73684211,
          0.78947368,  0.84210526,  0.89473684,  0.94736842,  1.        ],
        [ 0.        ,  0.05263158,  0.10526316,  0.15789474,  0.21052632,
          0.26315789,  0.31578947,  0.36842105,  0.42105263,  0.47368421,
          0.52631579,  0.57894737,  0.63157895,  0.68421053,  0.73684211,
          0.78947368,  0.84210526,  0.89473684,  0.94736842,  1.        ],
        [ 0.        ,  0.05263158,  0.10526316,  0.15789474,  0.21052632,
          0.26315789,  0.31578947,  0.36842105,  0.42105263,  0.47368421,
          0.52631579,  0.57894737,  0.63157895,  0.68421053,  0.73684211,
          0.78947368,  0.84210526,  0.89473684,  0.94736842,  1.        ],
        [ 0.        ,  0.05263158,  0.10526316,  0.15789474,  0.21052632,
          0.26315789,  0.31578947,  0.36842105,  0.42105263,  0.47368421,
          0.52631579,  0.57894737,  0.63157895,  0.68421053,  0.73684211,
          0.78947368,  0.84210526,  0.89473684,  0.94736842,  1.        ],
        [ 0.        ,  0.05263158,  0.10526316,  0.15789474,  0.21052632,
          0.26315789,  0.31578947,  0.36842105,  0.42105263,  0.47368421,
          0.52631579,  0.57894737,  0.63157895,  0.68421053,  0.73684211,
          0.78947368,  0.84210526,  0.89473684,  0.94736842,  1.        ],
        [ 0.        ,  0.05263158,  0.10526316,  0.15789474,  0.21052632,
          0.26315789,  0.31578947,  0.36842105,  0.42105263,  0.47368421,
          0.52631579,  0.57894737,  0.63157895,  0.68421053,  0.73684211,
          0.78947368,  0.84210526,  0.89473684,  0.94736842,  1.        ],
        [ 0.        ,  0.05263158,  0.10526316,  0.15789474,  0.21052632,
          0.26315789,  0.31578947,  0.36842105,  0.42105263,  0.47368421,
          0.52631579,  0.57894737,  0.63157895,  0.68421053,  0.73684211,
          0.78947368,  0.84210526,  0.89473684,  0.94736842,  1.        ],
        [ 0.        ,  0.05263158,  0.10526316,  0.15789474,  0.21052632,
          0.26315789,  0.31578947,  0.36842105,  0.42105263,  0.47368421,
          0.52631579,  0.57894737,  0.63157895,  0.68421053,  0.73684211,
          0.78947368,  0.84210526,  0.89473684,  0.94736842,  1.        ],
        [ 0.        ,  0.05263158,  0.10526316,  0.15789474,  0.21052632,
          0.26315789,  0.31578947,  0.36842105,  0.42105263,  0.47368421,
          0.52631579,  0.57894737,  0.63157895,  0.68421053,  0.73684211,
          0.78947368,  0.84210526,  0.89473684,  0.94736842,  1.        ],
        [ 0.        ,  0.05263158,  0.10526316,  0.15789474,  0.21052632,
          0.26315789,  0.31578947,  0.36842105,  0.42105263,  0.47368421,
          0.52631579,  0.57894737,  0.63157895,  0.68421053,  0.73684211,
          0.78947368,  0.84210526,  0.89473684,  0.94736842,  1.        ],
        [ 0.        ,  0.05263158,  0.10526316,  0.15789474,  0.21052632,
          0.26315789,  0.31578947,  0.36842105,  0.42105263,  0.47368421,
          0.52631579,  0.57894737,  0.63157895,  0.68421053,  0.73684211,
          0.78947368,  0.84210526,  0.89473684,  0.94736842,  1.        ],
        [ 0.        ,  0.05263158,  0.10526316,  0.15789474,  0.21052632,
          0.26315789,  0.31578947,  0.36842105,  0.42105263,  0.47368421,
          0.52631579,  0.57894737,  0.63157895,  0.68421053,  0.73684211,
          0.78947368,  0.84210526,  0.89473684,  0.94736842,  1.        ],
        [ 0.        ,  0.05263158,  0.10526316,  0.15789474,  0.21052632,
          0.26315789,  0.31578947,  0.36842105,  0.42105263,  0.47368421,
          0.52631579,  0.57894737,  0.63157895,  0.68421053,  0.73684211,
          0.78947368,  0.84210526,  0.89473684,  0.94736842,  1.        ],
        [ 0.        ,  0.05263158,  0.10526316,  0.15789474,  0.21052632,
          0.26315789,  0.31578947,  0.36842105,  0.42105263,  0.47368421,
          0.52631579,  0.57894737,  0.63157895,  0.68421053,  0.73684211,
          0.78947368,  0.84210526,  0.89473684,  0.94736842,  1.        ],
        [ 0.        ,  0.05263158,  0.10526316,  0.15789474,  0.21052632,
          0.26315789,  0.31578947,  0.36842105,  0.42105263,  0.47368421,
          0.52631579,  0.57894737,  0.63157895,  0.68421053,  0.73684211,
          0.78947368,  0.84210526,  0.89473684,  0.94736842,  1.        ],
        [ 0.        ,  0.05263158,  0.10526316,  0.15789474,  0.21052632,
          0.26315789,  0.31578947,  0.36842105,  0.42105263,  0.47368421,
          0.52631579,  0.57894737,  0.63157895,  0.68421053,  0.73684211,
          0.78947368,  0.84210526,  0.89473684,  0.94736842,  1.        ],
        [ 0.        ,  0.05263158,  0.10526316,  0.15789474,  0.21052632,
          0.26315789,  0.31578947,  0.36842105,  0.42105263,  0.47368421,
          0.52631579,  0.57894737,  0.63157895,  0.68421053,  0.73684211,
          0.78947368,  0.84210526,  0.89473684,  0.94736842,  1.        ]]]), array([[ 100.        ,  100.00004292,  100.00018138,  100.00010115,
         100.00004123,  100.00015968,  100.00014476,  100.00010777,
         100.00013816,  100.00023076,  100.00013353,  100.00012619,
         100.00009582,  100.00012008,  100.00011082,  100.00010979,
         100.00019233,  100.00007325,  100.00006999,  100.00007453],
       [  51.26010667,   18.94127813,   21.16717203,   23.27721596,
          25.27064026,   27.15683599,   28.93809343,   30.62472019,
          32.22010737,   33.73033374,   35.16284176,   36.52258595,
          37.81414118,   39.04208578,   40.21252486,   41.32738759,
          42.39202469,   43.40657815,   44.38000574,   45.31171976],
       [  29.89785125,    9.94096896,    4.13918167,    6.21557696,
           8.34929658,   10.47247088,   12.54474135,   14.54612188,
          16.46918221,   18.30652608,   20.05800367,   21.72791527,
          23.3190703 ,   24.83260376,   26.27624871,   27.65259554,
          28.96529979,   30.21940757,   31.41798208,   32.56592223],
       [  20.90474337,    7.50769681,    2.13933307,    1.29575898,
           2.75355339,    4.43236594,    6.20930689,    8.01327475,
           9.80522205,   11.55793665,   13.26123466,   14.90520713,
          16.48732391,   18.00681226,   19.46785855,   20.86847474,
          22.21185639,   23.50061897,   24.73981099,   25.93056229],
       [  17.4812216 ,    6.8703722 ,    2.30736118,    0.53411534,
           0.70264966,    1.81320301,    3.17746081,    4.67452927,
           6.23283129,    7.80615542,    9.36797215,   10.90312878,
          12.40158401,   13.85573138,   15.26693306,   16.63110529,
          17.94765786,   19.21894955,   20.44772768,   21.63569831],
       [  17.35215004,    7.37895791,    2.7699861 ,    0.84741711,
           0.22917267,    0.62036253,    1.57724676,    2.76041095,
           4.07304334,    5.45082231,    6.85484952,    8.26341695,
           9.65782884,   11.02724196,   12.37010907,   13.67826084,
          14.95244968,   16.18844309,   17.39173987,   18.56045879],
       [  19.62132001,    8.82467357,    3.6186389 ,    1.25406042,
           0.38530823,    0.24886799,    0.70707326,    1.59897579,
           2.67866113,    3.86775048,    5.11836026,    6.39865775,
           7.68791978,    8.97137427,   10.24122358,   11.49127151,
          12.71590031,   13.91271399,   15.08289474,   16.22486819],
       [  24.33680342,   11.2969733 ,    4.90919582,    1.85394605,
           0.62881438,    0.26078484,    0.37937003,    0.87853382,
           1.74395267,    2.75807512,    3.86384594,    5.02437642,
           6.21305695,    7.41078481,    8.61217389,    9.80180447,
          10.97779431,   12.13466719,   13.27067763,   14.38561277],
       [  29.39655655,   14.16023343,    6.5891854 ,    2.71926789,
           0.94709665,    0.36267233,    0.28866516,    0.56884348,
           1.1057649 ,    1.95850457,    2.93034404,    3.97815784,
           5.07262284,    6.19119198,    7.32371961,    8.4578106 ,
           9.5860648 ,   10.70169076,   11.8058438 ,   12.8922307 ],
       [  33.92203895,   16.76813934,    8.20989807,    3.71793358,
           1.3965017 ,    0.5356158 ,    0.28330065,    0.40796458,
           0.80275505,    1.39161679,    2.22256496,    3.16587034,
           4.17181909,    5.2162722 ,    6.28603248,    7.36519775,
           8.44779189,    9.5253113 ,   10.59614859,   11.65567666],
       [  37.96689151,   19.13590902,    9.73114291,    4.70208787,
           1.98868267,    0.76277057,    0.34464177,    0.32441181,
           0.594184  ,    1.07572599,    1.71199744,    2.52550433,
           3.44923683,    4.42350379,    5.43255401,    6.46163395,
           7.50041215,    8.54105872,    9.57996045,   10.61352094],
       [  41.58669118,   21.28413741,   11.15256009,    5.65758536,
           2.60391493,    1.03029739,    0.45746767,    0.30179668,
           0.45430504,    0.83488874,    1.38441862,    2.05906958,
           2.86071904,    3.76993638,    4.72265846,    5.70317642,
           6.70089824,    7.70688541,    8.71579143,    9.72361029],
       [  44.83387867,   23.23892993,   12.47858884,    6.57750303,
           3.22128093,    1.34350171,    0.60965746,    0.32703419,
           0.36939871,    0.65482667,    1.12237337,    1.72640428,
           2.43253917,    3.22509897,    4.12515766,    5.06061661,
           6.01882287,    6.99165653,    7.97178561,    8.95422219],
       [  47.75624247,   25.02065466,   13.71648241,    7.45733918,
           3.83305707,    1.73775028,    0.79155149,    0.38975664,
           0.32845653,    0.52411928,    0.91408633,    1.45108649,
           2.09939936,    2.83155493,    3.62667758,    4.51011933,
           5.43149661,    6.3718518 ,    7.32501361,    8.28479154],
       [  50.40113208,   26.65617225,   14.87521353,    8.30093081,
           4.43442351,    2.142349  ,    0.99591859,    0.48183401,
           0.32272143,    0.43352829,    0.7499301 ,    1.22329496,
           1.81651007,    2.50100733,    3.25489142,    4.06092442,
           4.9200603 ,    5.83065992,    6.75784684,    7.69530729],
       [  52.7994928 ,   28.15629931,   15.96144882,    9.10733966,
           5.02159253,    2.55048045,    1.21679245,    0.59684153,
           0.34529133,    0.37573058,    0.62238906,    1.03524654,
           1.57597041,    2.21499239,    2.92944803,    3.70146057,
           4.51663181,    5.36393349,    6.25701636,    7.1729476 ],
       [  54.98388449,   29.54251198,   16.98233335,    9.8772504 ,
           5.59268376,    2.95725725,    1.44972349,    0.72964407,
           0.39062739,    0.34486054,    0.52523879,    0.88049881,
           1.37116655,    1.96675699,    2.64354485,    3.38269512,
           4.16955803,    4.99230379,    5.84171637,    6.71006197],
       [  56.97794023,   30.82389349,   17.94262838,   10.61296654,
           6.14827409,    3.3606484 ,    1.69110306,    0.87625902,
           0.4542311 ,    0.33610106,    0.45344073,    0.75378351,
           1.19672372,    1.75074764,    2.39141134,    3.09925695,
           3.85891069,    4.65815497,    5.48704768,    6.33787721],
       [  58.80981628,   32.01466813,   18.85080671,   11.31865149,
           6.68757907,    3.75896236,    1.93824083,    1.03341393,
           0.53262014,    0.34559443,    0.40285766,    0.65082423,
           1.04813628,    1.5624551 ,    2.1684875 ,    2.8461921 ,
           3.57968356,    4.35619829,    5.16558159,    5.99922992],
       [  60.49589034,   33.12711508,   19.71088825,   11.99383798,
           7.21043525,    4.15098274,    2.198042  ,    1.19867432,
           0.6228201 ,    0.37014779,    0.37009033,    0.56803155,
           0.92168993,    1.39793407,    1.97079942,    2.61964123,
           3.32797194,    4.08270027,    4.87305366,    5.6903635 ]]))
[0:01:57.769676] npml = 10, (array([ 0.29540955,  0.23046273]), 0.24392254277035047, array([[[ 0.        ,  0.        ,  0.        ,  0.        ,  0.        ,
          0.        ,  0.        ,  0.        ,  0.        ,  0.        ,
          0.        ,  0.        ,  0.        ,  0.        ,  0.        ,
          0.        ,  0.        ,  0.        ,  0.        ,  0.        ],
        [ 0.05263158,  0.05263158,  0.05263158,  0.05263158,  0.05263158,
          0.05263158,  0.05263158,  0.05263158,  0.05263158,  0.05263158,
          0.05263158,  0.05263158,  0.05263158,  0.05263158,  0.05263158,
          0.05263158,  0.05263158,  0.05263158,  0.05263158,  0.05263158],
        [ 0.10526316,  0.10526316,  0.10526316,  0.10526316,  0.10526316,
          0.10526316,  0.10526316,  0.10526316,  0.10526316,  0.10526316,
          0.10526316,  0.10526316,  0.10526316,  0.10526316,  0.10526316,
          0.10526316,  0.10526316,  0.10526316,  0.10526316,  0.10526316],
        [ 0.15789474,  0.15789474,  0.15789474,  0.15789474,  0.15789474,
          0.15789474,  0.15789474,  0.15789474,  0.15789474,  0.15789474,
          0.15789474,  0.15789474,  0.15789474,  0.15789474,  0.15789474,
          0.15789474,  0.15789474,  0.15789474,  0.15789474,  0.15789474],
        [ 0.21052632,  0.21052632,  0.21052632,  0.21052632,  0.21052632,
          0.21052632,  0.21052632,  0.21052632,  0.21052632,  0.21052632,
          0.21052632,  0.21052632,  0.21052632,  0.21052632,  0.21052632,
          0.21052632,  0.21052632,  0.21052632,  0.21052632,  0.21052632],
        [ 0.26315789,  0.26315789,  0.26315789,  0.26315789,  0.26315789,
          0.26315789,  0.26315789,  0.26315789,  0.26315789,  0.26315789,
          0.26315789,  0.26315789,  0.26315789,  0.26315789,  0.26315789,
          0.26315789,  0.26315789,  0.26315789,  0.26315789,  0.26315789],
        [ 0.31578947,  0.31578947,  0.31578947,  0.31578947,  0.31578947,
          0.31578947,  0.31578947,  0.31578947,  0.31578947,  0.31578947,
          0.31578947,  0.31578947,  0.31578947,  0.31578947,  0.31578947,
          0.31578947,  0.31578947,  0.31578947,  0.31578947,  0.31578947],
        [ 0.36842105,  0.36842105,  0.36842105,  0.36842105,  0.36842105,
          0.36842105,  0.36842105,  0.36842105,  0.36842105,  0.36842105,
          0.36842105,  0.36842105,  0.36842105,  0.36842105,  0.36842105,
          0.36842105,  0.36842105,  0.36842105,  0.36842105,  0.36842105],
        [ 0.42105263,  0.42105263,  0.42105263,  0.42105263,  0.42105263,
          0.42105263,  0.42105263,  0.42105263,  0.42105263,  0.42105263,
          0.42105263,  0.42105263,  0.42105263,  0.42105263,  0.42105263,
          0.42105263,  0.42105263,  0.42105263,  0.42105263,  0.42105263],
        [ 0.47368421,  0.47368421,  0.47368421,  0.47368421,  0.47368421,
          0.47368421,  0.47368421,  0.47368421,  0.47368421,  0.47368421,
          0.47368421,  0.47368421,  0.47368421,  0.47368421,  0.47368421,
          0.47368421,  0.47368421,  0.47368421,  0.47368421,  0.47368421],
        [ 0.52631579,  0.52631579,  0.52631579,  0.52631579,  0.52631579,
          0.52631579,  0.52631579,  0.52631579,  0.52631579,  0.52631579,
          0.52631579,  0.52631579,  0.52631579,  0.52631579,  0.52631579,
          0.52631579,  0.52631579,  0.52631579,  0.52631579,  0.52631579],
        [ 0.57894737,  0.57894737,  0.57894737,  0.57894737,  0.57894737,
          0.57894737,  0.57894737,  0.57894737,  0.57894737,  0.57894737,
          0.57894737,  0.57894737,  0.57894737,  0.57894737,  0.57894737,
          0.57894737,  0.57894737,  0.57894737,  0.57894737,  0.57894737],
        [ 0.63157895,  0.63157895,  0.63157895,  0.63157895,  0.63157895,
          0.63157895,  0.63157895,  0.63157895,  0.63157895,  0.63157895,
          0.63157895,  0.63157895,  0.63157895,  0.63157895,  0.63157895,
          0.63157895,  0.63157895,  0.63157895,  0.63157895,  0.63157895],
        [ 0.68421053,  0.68421053,  0.68421053,  0.68421053,  0.68421053,
          0.68421053,  0.68421053,  0.68421053,  0.68421053,  0.68421053,
          0.68421053,  0.68421053,  0.68421053,  0.68421053,  0.68421053,
          0.68421053,  0.68421053,  0.68421053,  0.68421053,  0.68421053],
        [ 0.73684211,  0.73684211,  0.73684211,  0.73684211,  0.73684211,
          0.73684211,  0.73684211,  0.73684211,  0.73684211,  0.73684211,
          0.73684211,  0.73684211,  0.73684211,  0.73684211,  0.73684211,
          0.73684211,  0.73684211,  0.73684211,  0.73684211,  0.73684211],
        [ 0.78947368,  0.78947368,  0.78947368,  0.78947368,  0.78947368,
          0.78947368,  0.78947368,  0.78947368,  0.78947368,  0.78947368,
          0.78947368,  0.78947368,  0.78947368,  0.78947368,  0.78947368,
          0.78947368,  0.78947368,  0.78947368,  0.78947368,  0.78947368],
        [ 0.84210526,  0.84210526,  0.84210526,  0.84210526,  0.84210526,
          0.84210526,  0.84210526,  0.84210526,  0.84210526,  0.84210526,
          0.84210526,  0.84210526,  0.84210526,  0.84210526,  0.84210526,
          0.84210526,  0.84210526,  0.84210526,  0.84210526,  0.84210526],
        [ 0.89473684,  0.89473684,  0.89473684,  0.89473684,  0.89473684,
          0.89473684,  0.89473684,  0.89473684,  0.89473684,  0.89473684,
          0.89473684,  0.89473684,  0.89473684,  0.89473684,  0.89473684,
          0.89473684,  0.89473684,  0.89473684,  0.89473684,  0.89473684],
        [ 0.94736842,  0.94736842,  0.94736842,  0.94736842,  0.94736842,
          0.94736842,  0.94736842,  0.94736842,  0.94736842,  0.94736842,
          0.94736842,  0.94736842,  0.94736842,  0.94736842,  0.94736842,
          0.94736842,  0.94736842,  0.94736842,  0.94736842,  0.94736842],
        [ 1.        ,  1.        ,  1.        ,  1.        ,  1.        ,
          1.        ,  1.        ,  1.        ,  1.        ,  1.        ,
          1.        ,  1.        ,  1.        ,  1.        ,  1.        ,
          1.        ,  1.        ,  1.        ,  1.        ,  1.        ]],

       [[ 0.        ,  0.05263158,  0.10526316,  0.15789474,  0.21052632,
          0.26315789,  0.31578947,  0.36842105,  0.42105263,  0.47368421,
          0.52631579,  0.57894737,  0.63157895,  0.68421053,  0.73684211,
          0.78947368,  0.84210526,  0.89473684,  0.94736842,  1.        ],
        [ 0.        ,  0.05263158,  0.10526316,  0.15789474,  0.21052632,
          0.26315789,  0.31578947,  0.36842105,  0.42105263,  0.47368421,
          0.52631579,  0.57894737,  0.63157895,  0.68421053,  0.73684211,
          0.78947368,  0.84210526,  0.89473684,  0.94736842,  1.        ],
        [ 0.        ,  0.05263158,  0.10526316,  0.15789474,  0.21052632,
          0.26315789,  0.31578947,  0.36842105,  0.42105263,  0.47368421,
          0.52631579,  0.57894737,  0.63157895,  0.68421053,  0.73684211,
          0.78947368,  0.84210526,  0.89473684,  0.94736842,  1.        ],
        [ 0.        ,  0.05263158,  0.10526316,  0.15789474,  0.21052632,
          0.26315789,  0.31578947,  0.36842105,  0.42105263,  0.47368421,
          0.52631579,  0.57894737,  0.63157895,  0.68421053,  0.73684211,
          0.78947368,  0.84210526,  0.89473684,  0.94736842,  1.        ],
        [ 0.        ,  0.05263158,  0.10526316,  0.15789474,  0.21052632,
          0.26315789,  0.31578947,  0.36842105,  0.42105263,  0.47368421,
          0.52631579,  0.57894737,  0.63157895,  0.68421053,  0.73684211,
          0.78947368,  0.84210526,  0.89473684,  0.94736842,  1.        ],
        [ 0.        ,  0.05263158,  0.10526316,  0.15789474,  0.21052632,
          0.26315789,  0.31578947,  0.36842105,  0.42105263,  0.47368421,
          0.52631579,  0.57894737,  0.63157895,  0.68421053,  0.73684211,
          0.78947368,  0.84210526,  0.89473684,  0.94736842,  1.        ],
        [ 0.        ,  0.05263158,  0.10526316,  0.15789474,  0.21052632,
          0.26315789,  0.31578947,  0.36842105,  0.42105263,  0.47368421,
          0.52631579,  0.57894737,  0.63157895,  0.68421053,  0.73684211,
          0.78947368,  0.84210526,  0.89473684,  0.94736842,  1.        ],
        [ 0.        ,  0.05263158,  0.10526316,  0.15789474,  0.21052632,
          0.26315789,  0.31578947,  0.36842105,  0.42105263,  0.47368421,
          0.52631579,  0.57894737,  0.63157895,  0.68421053,  0.73684211,
          0.78947368,  0.84210526,  0.89473684,  0.94736842,  1.        ],
        [ 0.        ,  0.05263158,  0.10526316,  0.15789474,  0.21052632,
          0.26315789,  0.31578947,  0.36842105,  0.42105263,  0.47368421,
          0.52631579,  0.57894737,  0.63157895,  0.68421053,  0.73684211,
          0.78947368,  0.84210526,  0.89473684,  0.94736842,  1.        ],
        [ 0.        ,  0.05263158,  0.10526316,  0.15789474,  0.21052632,
          0.26315789,  0.31578947,  0.36842105,  0.42105263,  0.47368421,
          0.52631579,  0.57894737,  0.63157895,  0.68421053,  0.73684211,
          0.78947368,  0.84210526,  0.89473684,  0.94736842,  1.        ],
        [ 0.        ,  0.05263158,  0.10526316,  0.15789474,  0.21052632,
          0.26315789,  0.31578947,  0.36842105,  0.42105263,  0.47368421,
          0.52631579,  0.57894737,  0.63157895,  0.68421053,  0.73684211,
          0.78947368,  0.84210526,  0.89473684,  0.94736842,  1.        ],
        [ 0.        ,  0.05263158,  0.10526316,  0.15789474,  0.21052632,
          0.26315789,  0.31578947,  0.36842105,  0.42105263,  0.47368421,
          0.52631579,  0.57894737,  0.63157895,  0.68421053,  0.73684211,
          0.78947368,  0.84210526,  0.89473684,  0.94736842,  1.        ],
        [ 0.        ,  0.05263158,  0.10526316,  0.15789474,  0.21052632,
          0.26315789,  0.31578947,  0.36842105,  0.42105263,  0.47368421,
          0.52631579,  0.57894737,  0.63157895,  0.68421053,  0.73684211,
          0.78947368,  0.84210526,  0.89473684,  0.94736842,  1.        ],
        [ 0.        ,  0.05263158,  0.10526316,  0.15789474,  0.21052632,
          0.26315789,  0.31578947,  0.36842105,  0.42105263,  0.47368421,
          0.52631579,  0.57894737,  0.63157895,  0.68421053,  0.73684211,
          0.78947368,  0.84210526,  0.89473684,  0.94736842,  1.        ],
        [ 0.        ,  0.05263158,  0.10526316,  0.15789474,  0.21052632,
          0.26315789,  0.31578947,  0.36842105,  0.42105263,  0.47368421,
          0.52631579,  0.57894737,  0.63157895,  0.68421053,  0.73684211,
          0.78947368,  0.84210526,  0.89473684,  0.94736842,  1.        ],
        [ 0.        ,  0.05263158,  0.10526316,  0.15789474,  0.21052632,
          0.26315789,  0.31578947,  0.36842105,  0.42105263,  0.47368421,
          0.52631579,  0.57894737,  0.63157895,  0.68421053,  0.73684211,
          0.78947368,  0.84210526,  0.89473684,  0.94736842,  1.        ],
        [ 0.        ,  0.05263158,  0.10526316,  0.15789474,  0.21052632,
          0.26315789,  0.31578947,  0.36842105,  0.42105263,  0.47368421,
          0.52631579,  0.57894737,  0.63157895,  0.68421053,  0.73684211,
          0.78947368,  0.84210526,  0.89473684,  0.94736842,  1.        ],
        [ 0.        ,  0.05263158,  0.10526316,  0.15789474,  0.21052632,
          0.26315789,  0.31578947,  0.36842105,  0.42105263,  0.47368421,
          0.52631579,  0.57894737,  0.63157895,  0.68421053,  0.73684211,
          0.78947368,  0.84210526,  0.89473684,  0.94736842,  1.        ],
        [ 0.        ,  0.05263158,  0.10526316,  0.15789474,  0.21052632,
          0.26315789,  0.31578947,  0.36842105,  0.42105263,  0.47368421,
          0.52631579,  0.57894737,  0.63157895,  0.68421053,  0.73684211,
          0.78947368,  0.84210526,  0.89473684,  0.94736842,  1.        ],
        [ 0.        ,  0.05263158,  0.10526316,  0.15789474,  0.21052632,
          0.26315789,  0.31578947,  0.36842105,  0.42105263,  0.47368421,
          0.52631579,  0.57894737,  0.63157895,  0.68421053,  0.73684211,
          0.78947368,  0.84210526,  0.89473684,  0.94736842,  1.        ]]]), array([[ 100.        ,  100.00010666,  100.00009687,  100.00008722,
         100.00002251,  100.00004365,  100.00002116,  100.0001237 ,
         100.00018891,  100.00000173,  100.00005591,  100.0000668 ,
         100.00009669,  100.0001594 ,  100.00013018,  100.00012039,
         100.00016108,  100.00012898,  100.0000398 ,  100.00009933],
       [  45.24078781,   12.58404067,   15.41977206,   18.10416043,
          20.62864156,   22.99431453,   25.20604332,   27.27316799,
          29.20915844,   31.02171772,   32.72275953,   34.32038632,
          35.8236152 ,   37.2389139 ,   38.57849347,   39.8436474 ,
          41.04282622,   42.1779284 ,   43.25840989,   44.28710727],
       [  24.59517595,    6.58940836,    2.02796826,    4.10525615,
           6.38156041,    8.6986336 ,   10.97467958,   13.16927639,
          15.26734103,   17.26049479,   19.14958723,   20.9373492 ,
          22.62862478,   24.23103898,   25.75120473,   27.19300259,
          28.56265197,   29.86478317,   31.10527747,   32.29172   ],
       [  17.93568861,    5.4649024 ,    1.27258274,    0.62341435,
           1.97656765,    3.6754091 ,    5.52194831,    7.4097605 ,
           9.28437486,   11.11243037,   12.88089212,   14.58280929,
          16.21356078,   17.77385711,   19.2696518 ,   20.69999446,
          22.06848313,   23.37774492,   24.63476741,   25.84123326],
       [  17.3204641 ,    6.04728043,    1.68387362,    0.3995767 ,
           0.43547454,    1.49017855,    2.86332412,    4.39201267,
           5.9884175 ,    7.59858843,    9.19452478,   10.75835243,
          12.28054165,   13.75539226,   15.18301205,   16.56074763,
          17.89015936,   19.17127618,   20.40697311,   21.60190148],
       [  20.55029723,    7.86838727,    2.60279163,    0.63349169,
           0.2485877 ,    0.49191261,    1.43118398,    2.62297958,
           3.95205557,    5.34850825,    6.77058155,    8.19344366,
           9.59990562,   10.98004817,   12.33121813,   13.64766579,
          14.92591454,   16.16742873,   17.37369047,   18.54466859],
       [  26.93520192,   10.95094882,    4.08949204,    1.18427628,
           0.33002952,    0.28303874,    0.64105762,    1.5305694 ,
           2.61641146,    3.81475453,    5.07435071,    6.36308537,
           7.65877762,    8.94813748,   10.22236581,   11.4767457 ,
          12.70395703,   13.90322765,   15.07505713,   16.21820844],
       [  32.83428676,   14.0179165 ,    5.82157263,    2.05655498,
           0.54509609,    0.25652867,    0.40354049,    0.85793057,
           1.71152534,    2.72952785,    3.83999192,    5.00474414,
           6.19731891,    7.39894331,    8.60236896,    9.79432098,
          10.97164253,   12.1288788 ,   13.26533719,   14.38191767],
       [  37.9666203 ,   16.76428923,    7.4723927 ,    3.0264883 ,
           0.93273931,    0.34142592,    0.29443698,    0.58305769,
           1.11256073,    1.94311731,    2.91745835,    3.96761986,
           5.06351737,    6.18445266,    7.31885879,    8.45333286,
           9.58211157,   10.69963458,   11.80273925,   12.88999417],
       [  42.43032725,   19.21606971,    9.01843956,    3.99978335,
           1.48643341,    0.50845214,    0.28033309,    0.4135324 ,
           0.81046932,    1.39905347,    2.21515655,    3.15985454,
           4.16691075,    5.21249752,    6.28267339,    7.36320238,
           8.44596819,    9.52466405,   10.59407339,   11.65405509],
       [  46.33270505,   21.41115726,   10.46117608,    4.95428434,
           2.07649142,    0.73521938,    0.3379707 ,    0.32561262,
           0.59784817,    1.07977833,    1.71560931,    2.52158509,
           3.44645094,    4.42129895,    5.43163482,    6.46037739,
           7.49963288,    8.54030287,    9.57960417,   10.61251542],
       [  49.76507738,   23.38772444,   11.80540075,    5.88095888,
           2.6819699 ,    1.00496435,    0.4497107 ,    0.30091438,
           0.45584665,    0.83703801,    1.38649931,    2.06086583,
           2.85926891,    3.76855804,    4.72173262,    5.70277146,
           6.70059901,    7.70648454,    8.71563441,    9.72278333],
       [  52.79954168,   25.17539802,   13.06034641,    6.77233135,
           3.29006747,    1.36543551,    0.60201735,    0.32527406,
           0.36981921,    0.65595272,    1.12358051,    1.72748409,
           2.43342993,    3.2246168 ,    4.12459383,    5.05983722,
           6.01875132,    6.99133674,    7.97156668,    8.95447611],
       [  55.49802913,   26.79988361,   14.2330434 ,    7.62752138,
           3.89197787,    1.75840351,    0.78464371,    0.38772866,
           0.32830026,    0.52465098,    0.91475094,    1.45173483,
           2.09990395,    2.8320386 ,    3.62701381,    4.50918797,
           5.43145258,    6.3716654 ,    7.32530517,    8.28519271],
       [  57.91512484,   28.28775039,   15.33429302,    8.44931007,
           4.48498818,    2.16060756,    0.98991387,    0.47986198,
           0.32234292,    0.43375255,    0.75033994,    1.22369172,
           1.81686603,    2.50136873,    3.25516812,    4.06123598,
           4.91976403,    5.83065857,    6.75777098,    7.69450505],
       [  60.08716499,   29.65634606,   16.36877559,    9.23493975,
           5.06502648,    2.56593792,    1.21173082,    0.5950074 ,
           0.34484447,    0.37578406,    0.62262445,    1.03550709,
           1.57618739,    2.21523752,    2.92970406,    3.70155207,
           4.51681405,    5.36411195,    6.25699365,    7.17267326],
       [  62.05038982,   30.91722032,   17.34389449,    9.98845775,
           5.63118828,    2.97113768,    1.44546939,    0.7280436 ,
           0.39014754,    0.34482564,    0.52534816,    0.88064827,
           1.37132897,    1.96692584,    2.6436087 ,    3.38281937,
           4.16961524,    4.99250147,    5.84177526,    6.71010844],
       [  63.83079844,   32.08659097,   18.26383347,   10.70999526,
           6.18085933,    3.37200294,    1.68761813,    0.87485086,
           0.45379429,    0.33601607,    0.45348375,    0.75388408,
           1.1968207 ,    1.75088226,    2.39148964,    3.0993198 ,
           3.85904157,    4.65821906,    5.48722312,    6.33777152],
       [  65.45518415,   33.17566282,   19.13610368,   11.40249676,
           6.71492648,    3.76846233,    1.93539589,    1.03228092,
           0.53217371,    0.3454949 ,    0.4028507 ,    0.6508846 ,
           1.04819378,    1.56251952,    2.16854005,    2.84630497,
           3.57981524,    4.35634427,    5.16564678,    5.99936587],
       [  66.94417875,   34.19474604,   19.96500654,   12.06726727,
           7.23361007,    4.15900498,    2.20099192,    1.1977092 ,
           0.62244671,    0.37005938,    0.37009319,    0.5680866 ,
           0.9217466 ,    1.3980239 ,    1.97089573,    2.61971727,
           3.32806773,    4.08272805,    4.87313146,    5.69055075]]))
[0:01:58.247943] npml = 32, (array([ 0.09466303,  0.08614995]), 0.054896901165518992, array([[[ 0.        ,  0.        ,  0.        ,  0.        ,  0.        ,
          0.        ,  0.        ,  0.        ,  0.        ,  0.        ,
          0.        ,  0.        ,  0.        ,  0.        ,  0.        ,
          0.        ,  0.        ,  0.        ,  0.        ,  0.        ],
        [ 0.05263158,  0.05263158,  0.05263158,  0.05263158,  0.05263158,
          0.05263158,  0.05263158,  0.05263158,  0.05263158,  0.05263158,
          0.05263158,  0.05263158,  0.05263158,  0.05263158,  0.05263158,
          0.05263158,  0.05263158,  0.05263158,  0.05263158,  0.05263158],
        [ 0.10526316,  0.10526316,  0.10526316,  0.10526316,  0.10526316,
          0.10526316,  0.10526316,  0.10526316,  0.10526316,  0.10526316,
          0.10526316,  0.10526316,  0.10526316,  0.10526316,  0.10526316,
          0.10526316,  0.10526316,  0.10526316,  0.10526316,  0.10526316],
        [ 0.15789474,  0.15789474,  0.15789474,  0.15789474,  0.15789474,
          0.15789474,  0.15789474,  0.15789474,  0.15789474,  0.15789474,
          0.15789474,  0.15789474,  0.15789474,  0.15789474,  0.15789474,
          0.15789474,  0.15789474,  0.15789474,  0.15789474,  0.15789474],
        [ 0.21052632,  0.21052632,  0.21052632,  0.21052632,  0.21052632,
          0.21052632,  0.21052632,  0.21052632,  0.21052632,  0.21052632,
          0.21052632,  0.21052632,  0.21052632,  0.21052632,  0.21052632,
          0.21052632,  0.21052632,  0.21052632,  0.21052632,  0.21052632],
        [ 0.26315789,  0.26315789,  0.26315789,  0.26315789,  0.26315789,
          0.26315789,  0.26315789,  0.26315789,  0.26315789,  0.26315789,
          0.26315789,  0.26315789,  0.26315789,  0.26315789,  0.26315789,
          0.26315789,  0.26315789,  0.26315789,  0.26315789,  0.26315789],
        [ 0.31578947,  0.31578947,  0.31578947,  0.31578947,  0.31578947,
          0.31578947,  0.31578947,  0.31578947,  0.31578947,  0.31578947,
          0.31578947,  0.31578947,  0.31578947,  0.31578947,  0.31578947,
          0.31578947,  0.31578947,  0.31578947,  0.31578947,  0.31578947],
        [ 0.36842105,  0.36842105,  0.36842105,  0.36842105,  0.36842105,
          0.36842105,  0.36842105,  0.36842105,  0.36842105,  0.36842105,
          0.36842105,  0.36842105,  0.36842105,  0.36842105,  0.36842105,
          0.36842105,  0.36842105,  0.36842105,  0.36842105,  0.36842105],
        [ 0.42105263,  0.42105263,  0.42105263,  0.42105263,  0.42105263,
          0.42105263,  0.42105263,  0.42105263,  0.42105263,  0.42105263,
          0.42105263,  0.42105263,  0.42105263,  0.42105263,  0.42105263,
          0.42105263,  0.42105263,  0.42105263,  0.42105263,  0.42105263],
        [ 0.47368421,  0.47368421,  0.47368421,  0.47368421,  0.47368421,
          0.47368421,  0.47368421,  0.47368421,  0.47368421,  0.47368421,
          0.47368421,  0.47368421,  0.47368421,  0.47368421,  0.47368421,
          0.47368421,  0.47368421,  0.47368421,  0.47368421,  0.47368421],
        [ 0.52631579,  0.52631579,  0.52631579,  0.52631579,  0.52631579,
          0.52631579,  0.52631579,  0.52631579,  0.52631579,  0.52631579,
          0.52631579,  0.52631579,  0.52631579,  0.52631579,  0.52631579,
          0.52631579,  0.52631579,  0.52631579,  0.52631579,  0.52631579],
        [ 0.57894737,  0.57894737,  0.57894737,  0.57894737,  0.57894737,
          0.57894737,  0.57894737,  0.57894737,  0.57894737,  0.57894737,
          0.57894737,  0.57894737,  0.57894737,  0.57894737,  0.57894737,
          0.57894737,  0.57894737,  0.57894737,  0.57894737,  0.57894737],
        [ 0.63157895,  0.63157895,  0.63157895,  0.63157895,  0.63157895,
          0.63157895,  0.63157895,  0.63157895,  0.63157895,  0.63157895,
          0.63157895,  0.63157895,  0.63157895,  0.63157895,  0.63157895,
          0.63157895,  0.63157895,  0.63157895,  0.63157895,  0.63157895],
        [ 0.68421053,  0.68421053,  0.68421053,  0.68421053,  0.68421053,
          0.68421053,  0.68421053,  0.68421053,  0.68421053,  0.68421053,
          0.68421053,  0.68421053,  0.68421053,  0.68421053,  0.68421053,
          0.68421053,  0.68421053,  0.68421053,  0.68421053,  0.68421053],
        [ 0.73684211,  0.73684211,  0.73684211,  0.73684211,  0.73684211,
          0.73684211,  0.73684211,  0.73684211,  0.73684211,  0.73684211,
          0.73684211,  0.73684211,  0.73684211,  0.73684211,  0.73684211,
          0.73684211,  0.73684211,  0.73684211,  0.73684211,  0.73684211],
        [ 0.78947368,  0.78947368,  0.78947368,  0.78947368,  0.78947368,
          0.78947368,  0.78947368,  0.78947368,  0.78947368,  0.78947368,
          0.78947368,  0.78947368,  0.78947368,  0.78947368,  0.78947368,
          0.78947368,  0.78947368,  0.78947368,  0.78947368,  0.78947368],
        [ 0.84210526,  0.84210526,  0.84210526,  0.84210526,  0.84210526,
          0.84210526,  0.84210526,  0.84210526,  0.84210526,  0.84210526,
          0.84210526,  0.84210526,  0.84210526,  0.84210526,  0.84210526,
          0.84210526,  0.84210526,  0.84210526,  0.84210526,  0.84210526],
        [ 0.89473684,  0.89473684,  0.89473684,  0.89473684,  0.89473684,
          0.89473684,  0.89473684,  0.89473684,  0.89473684,  0.89473684,
          0.89473684,  0.89473684,  0.89473684,  0.89473684,  0.89473684,
          0.89473684,  0.89473684,  0.89473684,  0.89473684,  0.89473684],
        [ 0.94736842,  0.94736842,  0.94736842,  0.94736842,  0.94736842,
          0.94736842,  0.94736842,  0.94736842,  0.94736842,  0.94736842,
          0.94736842,  0.94736842,  0.94736842,  0.94736842,  0.94736842,
          0.94736842,  0.94736842,  0.94736842,  0.94736842,  0.94736842],
        [ 1.        ,  1.        ,  1.        ,  1.        ,  1.        ,
          1.        ,  1.        ,  1.        ,  1.        ,  1.        ,
          1.        ,  1.        ,  1.        ,  1.        ,  1.        ,
          1.        ,  1.        ,  1.        ,  1.        ,  1.        ]],

       [[ 0.        ,  0.05263158,  0.10526316,  0.15789474,  0.21052632,
          0.26315789,  0.31578947,  0.36842105,  0.42105263,  0.47368421,
          0.52631579,  0.57894737,  0.63157895,  0.68421053,  0.73684211,
          0.78947368,  0.84210526,  0.89473684,  0.94736842,  1.        ],
        [ 0.        ,  0.05263158,  0.10526316,  0.15789474,  0.21052632,
          0.26315789,  0.31578947,  0.36842105,  0.42105263,  0.47368421,
          0.52631579,  0.57894737,  0.63157895,  0.68421053,  0.73684211,
          0.78947368,  0.84210526,  0.89473684,  0.94736842,  1.        ],
        [ 0.        ,  0.05263158,  0.10526316,  0.15789474,  0.21052632,
          0.26315789,  0.31578947,  0.36842105,  0.42105263,  0.47368421,
          0.52631579,  0.57894737,  0.63157895,  0.68421053,  0.73684211,
          0.78947368,  0.84210526,  0.89473684,  0.94736842,  1.        ],
        [ 0.        ,  0.05263158,  0.10526316,  0.15789474,  0.21052632,
          0.26315789,  0.31578947,  0.36842105,  0.42105263,  0.47368421,
          0.52631579,  0.57894737,  0.63157895,  0.68421053,  0.73684211,
          0.78947368,  0.84210526,  0.89473684,  0.94736842,  1.        ],
        [ 0.        ,  0.05263158,  0.10526316,  0.15789474,  0.21052632,
          0.26315789,  0.31578947,  0.36842105,  0.42105263,  0.47368421,
          0.52631579,  0.57894737,  0.63157895,  0.68421053,  0.73684211,
          0.78947368,  0.84210526,  0.89473684,  0.94736842,  1.        ],
        [ 0.        ,  0.05263158,  0.10526316,  0.15789474,  0.21052632,
          0.26315789,  0.31578947,  0.36842105,  0.42105263,  0.47368421,
          0.52631579,  0.57894737,  0.63157895,  0.68421053,  0.73684211,
          0.78947368,  0.84210526,  0.89473684,  0.94736842,  1.        ],
        [ 0.        ,  0.05263158,  0.10526316,  0.15789474,  0.21052632,
          0.26315789,  0.31578947,  0.36842105,  0.42105263,  0.47368421,
          0.52631579,  0.57894737,  0.63157895,  0.68421053,  0.73684211,
          0.78947368,  0.84210526,  0.89473684,  0.94736842,  1.        ],
        [ 0.        ,  0.05263158,  0.10526316,  0.15789474,  0.21052632,
          0.26315789,  0.31578947,  0.36842105,  0.42105263,  0.47368421,
          0.52631579,  0.57894737,  0.63157895,  0.68421053,  0.73684211,
          0.78947368,  0.84210526,  0.89473684,  0.94736842,  1.        ],
        [ 0.        ,  0.05263158,  0.10526316,  0.15789474,  0.21052632,
          0.26315789,  0.31578947,  0.36842105,  0.42105263,  0.47368421,
          0.52631579,  0.57894737,  0.63157895,  0.68421053,  0.73684211,
          0.78947368,  0.84210526,  0.89473684,  0.94736842,  1.        ],
        [ 0.        ,  0.05263158,  0.10526316,  0.15789474,  0.21052632,
          0.26315789,  0.31578947,  0.36842105,  0.42105263,  0.47368421,
          0.52631579,  0.57894737,  0.63157895,  0.68421053,  0.73684211,
          0.78947368,  0.84210526,  0.89473684,  0.94736842,  1.        ],
        [ 0.        ,  0.05263158,  0.10526316,  0.15789474,  0.21052632,
          0.26315789,  0.31578947,  0.36842105,  0.42105263,  0.47368421,
          0.52631579,  0.57894737,  0.63157895,  0.68421053,  0.73684211,
          0.78947368,  0.84210526,  0.89473684,  0.94736842,  1.        ],
        [ 0.        ,  0.05263158,  0.10526316,  0.15789474,  0.21052632,
          0.26315789,  0.31578947,  0.36842105,  0.42105263,  0.47368421,
          0.52631579,  0.57894737,  0.63157895,  0.68421053,  0.73684211,
          0.78947368,  0.84210526,  0.89473684,  0.94736842,  1.        ],
        [ 0.        ,  0.05263158,  0.10526316,  0.15789474,  0.21052632,
          0.26315789,  0.31578947,  0.36842105,  0.42105263,  0.47368421,
          0.52631579,  0.57894737,  0.63157895,  0.68421053,  0.73684211,
          0.78947368,  0.84210526,  0.89473684,  0.94736842,  1.        ],
        [ 0.        ,  0.05263158,  0.10526316,  0.15789474,  0.21052632,
          0.26315789,  0.31578947,  0.36842105,  0.42105263,  0.47368421,
          0.52631579,  0.57894737,  0.63157895,  0.68421053,  0.73684211,
          0.78947368,  0.84210526,  0.89473684,  0.94736842,  1.        ],
        [ 0.        ,  0.05263158,  0.10526316,  0.15789474,  0.21052632,
          0.26315789,  0.31578947,  0.36842105,  0.42105263,  0.47368421,
          0.52631579,  0.57894737,  0.63157895,  0.68421053,  0.73684211,
          0.78947368,  0.84210526,  0.89473684,  0.94736842,  1.        ],
        [ 0.        ,  0.05263158,  0.10526316,  0.15789474,  0.21052632,
          0.26315789,  0.31578947,  0.36842105,  0.42105263,  0.47368421,
          0.52631579,  0.57894737,  0.63157895,  0.68421053,  0.73684211,
          0.78947368,  0.84210526,  0.89473684,  0.94736842,  1.        ],
        [ 0.        ,  0.05263158,  0.10526316,  0.15789474,  0.21052632,
          0.26315789,  0.31578947,  0.36842105,  0.42105263,  0.47368421,
          0.52631579,  0.57894737,  0.63157895,  0.68421053,  0.73684211,
          0.78947368,  0.84210526,  0.89473684,  0.94736842,  1.        ],
        [ 0.        ,  0.05263158,  0.10526316,  0.15789474,  0.21052632,
          0.26315789,  0.31578947,  0.36842105,  0.42105263,  0.47368421,
          0.52631579,  0.57894737,  0.63157895,  0.68421053,  0.73684211,
          0.78947368,  0.84210526,  0.89473684,  0.94736842,  1.        ],
        [ 0.        ,  0.05263158,  0.10526316,  0.15789474,  0.21052632,
          0.26315789,  0.31578947,  0.36842105,  0.42105263,  0.47368421,
          0.52631579,  0.57894737,  0.63157895,  0.68421053,  0.73684211,
          0.78947368,  0.84210526,  0.89473684,  0.94736842,  1.        ],
        [ 0.        ,  0.05263158,  0.10526316,  0.15789474,  0.21052632,
          0.26315789,  0.31578947,  0.36842105,  0.42105263,  0.47368421,
          0.52631579,  0.57894737,  0.63157895,  0.68421053,  0.73684211,
          0.78947368,  0.84210526,  0.89473684,  0.94736842,  1.        ]]]), array([[  1.00000000e+02,   1.00000139e+02,   9.99996408e+01,
          9.99929494e+01,   9.99602124e+01,   9.98793541e+01,
          9.97407455e+01,   9.95489031e+01,   9.93153325e+01,
          9.90542640e+01,   9.87792237e+01,   9.85011964e+01,
          9.82282847e+01,   9.79655322e+01,   9.77176143e+01,
          9.74864722e+01,   9.72724837e+01,   9.70766183e+01,
          9.68982193e+01,   9.67371200e+01],
       [  1.74167184e+01,   2.18513098e-01,   3.90119422e+00,
          8.49910765e+00,   1.27797170e+01,   1.65828084e+01,
          1.99419875e+01,   2.29215694e+01,   2.55867710e+01,
          2.79867204e+01,   3.01615560e+01,   3.21486533e+01,
          3.39719229e+01,   3.56519350e+01,   3.72106197e+01,
          3.86616480e+01,   4.00160245e+01,   4.12831247e+01,
          4.24754372e+01,   4.36006934e+01],
       [  2.93944390e+01,   2.11450664e+00,   7.62856354e-02,
          1.76962407e+00,   4.30398779e+00,   6.98223645e+00,
          9.59034865e+00,   1.20602723e+01,   1.43788616e+01,
          1.65467668e+01,   1.85722654e+01,   2.04698936e+01,
          2.22491813e+01,   2.39194754e+01,   2.54957563e+01,
          2.69813739e+01,   2.83868263e+01,   2.97173090e+01,
          3.09832579e+01,   3.21886294e+01],
       [  4.48313026e+01,   5.95579937e+00,   4.73377238e-01,
          1.59195834e-01,   1.36666819e+00,   3.12267906e+00,
          5.06632359e+00,   7.04716017e+00,   8.99879184e+00,
          1.08897313e+01,   1.27062154e+01,   1.44458099e+01,
          1.61056225e+01,   1.76883428e+01,   1.92010476e+01,
          2.06448345e+01,   2.20249447e+01,   2.33418476e+01,
          2.46060645e+01,   2.58180614e+01],
       [  5.49800222e+01,   9.53101009e+00,   1.82770478e+00,
          1.63207659e-01,   2.82775924e-01,   1.30005455e+00,
          2.69492801e+00,   4.25547539e+00,   5.88252587e+00,
          7.51721302e+00,   9.13165486e+00,   1.07104924e+01,
          1.22438990e+01,   1.37274150e+01,   1.51603489e+01,
          1.65438339e+01,   1.78763152e+01,   1.91598018e+01,
          2.03995769e+01,   2.15947252e+01],
       [  6.20495626e+01,   1.26837630e+01,   3.43445928e+00,
          5.88039539e-01,   1.85453578e-01,   4.40369418e-01,
          1.36567904e+00,   2.56779446e+00,   3.90876405e+00,
          5.31445795e+00,   6.74548766e+00,   8.17405043e+00,
          9.58551761e+00,   1.09692770e+01,   1.23232955e+01,
          1.36410744e+01,   1.49221324e+01,   1.61643897e+01,
          1.73708024e+01,   1.85423011e+01],
       [  6.72250381e+01,   1.54551636e+01,   5.07196514e+00,
          1.36960253e+00,   2.76789761e-01,   2.64167414e-01,
          6.31654289e-01,   1.50732981e+00,   2.59766812e+00,
          3.80009204e+00,   5.06315565e+00,   6.35522205e+00,
          7.65321126e+00,   8.94415798e+00,   1.02196828e+01,
          1.14733365e+01,   1.27018307e+01,   1.39008736e+01,
          1.50735964e+01,   1.62185212e+01],
       [  7.11690815e+01,   1.79084254e+01,   6.65965702e+00,
          2.26523498e+00,   5.02898223e-01,   2.40696237e-01,
          3.97607434e-01,   8.55819039e-01,   1.70249189e+00,
          2.72263115e+00,   3.83508020e+00,   5.00135191e+00,
          6.19430515e+00,   7.39726687e+00,   8.59950666e+00,
          9.79346743e+00,   1.09708498e+01,   1.21288420e+01,
          1.32664049e+01,   1.43823421e+01],
       [  7.42736215e+01,   2.01012605e+01,   8.17099533e+00,
          3.20379039e+00,   9.76513528e-01,   3.29510824e-01,
          2.89530034e-01,   5.81080282e-01,   1.11181433e+00,
          1.93988225e+00,   2.91494098e+00,   3.96562950e+00,
          5.06221181e+00,   6.18354040e+00,   7.31859404e+00,
          8.45299904e+00,   9.58268782e+00,   1.06989415e+01,
          1.18030149e+01,   1.28905059e+01],
       [  7.67769112e+01,   2.20736089e+01,   9.59718068e+00,
          4.14611826e+00,   1.52502174e+00,   4.99985504e-01,
          2.76648485e-01,   4.11961964e-01,   8.09837045e-01,
          1.39872663e+00,   2.21388754e+00,   3.15941720e+00,
          4.16640006e+00,   5.21208390e+00,   6.28176332e+00,
          7.36290069e+00,   8.44545235e+00,   9.52386561e+00,
          1.05941182e+01,   1.16543291e+01],
       [  7.88383048e+01,   2.38639237e+01,   1.09389359e+01,
          5.07372380e+00,   2.10904190e+00,   7.29508002e-01,
          3.35342318e-01,   3.24426333e-01,   5.97330529e-01,
          1.07947052e+00,   1.71548337e+00,   2.52158849e+00,
          3.44632532e+00,   4.42118188e+00,   5.43117322e+00,
          6.46050941e+00,   7.49954428e+00,   8.54078681e+00,
          9.57965258e+00,   1.06136424e+01],
       [  8.05648704e+01,   2.54942013e+01,   1.22007937e+01,
          5.97747659e+00,   2.70807995e+00,   1.00120007e+00,
          4.47864748e-01,   3.00060911e-01,   4.55447215e-01,
          8.36844647e-01,   1.38638988e+00,   2.06072422e+00,
          2.85890105e+00,   3.76853714e+00,   4.72198138e+00,
          5.70231108e+00,   6.70005043e+00,   7.70655110e+00,
          8.71542252e+00,   9.72255346e+00],
       [  8.20317620e+01,   2.69927402e+01,   1.33867130e+01,
          6.85013294e+00,   3.31125847e+00,   1.37127659e+00,
          6.00746330e-01,   3.24661052e-01,   3.69518927e-01,
          6.55821914e-01,   1.12349225e+00,   1.72740829e+00,
          2.43336986e+00,   3.22423319e+00,   4.12415327e+00,
          5.06000646e+00,   6.01801845e+00,   6.99112688e+00,
          7.97169428e+00,   8.95385875e+00],
       [  8.32921322e+01,   2.83737484e+01,   1.45053195e+01,
          7.69104932e+00,   3.90870165e+00,   1.76314300e+00,
          7.83844988e-01,   3.87307860e-01,   3.28107500e-01,
          5.24545599e-01,   9.14688020e-01,   1.45168542e+00,
          2.09989206e+00,   2.83196208e+00,   3.62695537e+00,
          4.50883072e+00,   5.43122906e+00,   6.37184129e+00,
          7.32514104e+00,   8.28504856e+00],
       [  8.43898048e+01,   2.96552531e+01,   1.55606453e+01,
          8.50058639e+00,   4.49850796e+00,   2.16447068e+00,
          9.89391033e-01,   4.79562692e-01,   3.22198709e-01,
          4.33632653e-01,   7.50258611e-01,   1.22362098e+00,
          1.81682883e+00,   2.50127477e+00,   3.25511060e+00,
          4.06112826e+00,   4.91968019e+00,   5.83066341e+00,
          6.75771209e+00,   7.69497107e+00],
       [  8.53516491e+01,   3.08470434e+01,   1.65584930e+01,
          9.27686616e+00,   5.07657589e+00,   2.56889799e+00,
          1.21136675e+00,   5.94828996e-01,   3.44713607e-01,
          3.75706134e-01,   6.22563073e-01,   1.03545536e+00,
          1.57613701e+00,   2.21510779e+00,   2.92962904e+00,
          3.70149354e+00,   4.51672091e+00,   5.36397322e+00,
          6.25689306e+00,   7.17303569e+00],
       [  8.62024507e+01,   3.19603761e+01,   1.75030114e+01,
          1.00226894e+01,   5.63988025e+00,   2.97317477e+00,
          1.44528251e+00,   7.27943633e-01,   3.90057088e-01,
          3.44761552e-01,   5.25315610e-01,   8.80578776e-01,
          1.37124670e+00,   1.96685285e+00,   2.64361137e+00,
          3.38275241e+00,   4.16962938e+00,   4.99238617e+00,
          5.84167569e+00,   6.70996316e+00],
       [  8.69598915e+01,   3.30013272e+01,   1.83982109e+01,
          1.07375571e+01,   6.18728436e+00,   3.37372315e+00,
          1.68749658e+00,   8.74796659e-01,   4.53745079e-01,
          3.35979494e-01,   4.53461890e-01,   7.53843424e-01,
          1.19678188e+00,   1.75080604e+00,   2.39151417e+00,
          3.09921183e+00,   3.85890847e+00,   4.65814018e+00,
          5.48704565e+00,   6.33787207e+00],
       [  8.76400898e+01,   3.39803455e+01,   1.92501583e+01,
          1.14254928e+01,   6.72070783e+00,   3.76992791e+00,
          1.93534112e+00,   1.03227843e+00,   5.32171792e-01,
          3.45466413e-01,   4.02839544e-01,   6.50863863e-01,
          1.04816782e+00,   1.56245043e+00,   2.16853517e+00,
          2.84629922e+00,   3.57977972e+00,   4.35630361e+00,
          5.16550244e+00,   5.99932512e+00],
       [  8.82544620e+01,   3.49049885e+01,   2.00627740e+01,
          1.20874759e+01,   7.23830294e+00,   4.16012099e+00,
          2.20122678e+00,   1.19769679e+00,   6.22417982e-01,
          3.70046499e-01,   3.70060596e-01,   5.68039606e-01,
          9.21693908e-01,   1.39792231e+00,   1.97080404e+00,
          2.61961398e+00,   3.32800554e+00,   4.08259709e+00,
          4.87297087e+00,   5.69041536e+00]]))
